1.572218453880348360e-08
1.631476102272146435e-08
1.690733750663944841e-08
1.749991399055742915e-08
1.809249047447540990e-08
1.868506695839339396e-08
1.927764344231137471e-08
1.987021992622935546e-08
2.046279641014733951e-08
2.105537289406532026e-08
2.164794937798330101e-08
2.224052586190128507e-08
2.283310234581926581e-08
2.342567882973724656e-08
2.401825531365523062e-08
2.461083179757321137e-08
2.520340828149119211e-08
2.579598476540917617e-08
2.638856124932716023e-08
2.698113773324514098e-08
2.757371421716312172e-08
2.816629070108110247e-08
2.875886718499908322e-08
2.935144366891706728e-08
2.994402015283505133e-08
3.058091700772651313e-08
3.471912316952370920e-08
3.885732933132091188e-08
4.299553549311811456e-08
4.713374165491531724e-08
5.127194781671251992e-08
5.541015397850972260e-08
5.954836014030691866e-08
6.368656630210411472e-08
6.782477246390131740e-08
7.196297862569852008e-08
7.610118478749572276e-08
8.023939094929292544e-08
8.437759711109012812e-08
8.851580327288733080e-08
9.265400943468450701e-08
9.679221559648170969e-08
1.009304217582789124e-07
1.050686279200761151e-07
1.092068340818733177e-07
1.133450402436705204e-07
1.174832464054677099e-07
1.216214525672649258e-07
1.257596587290621285e-07
1.298978648908593311e-07
1.342277330334084222e-07
1.460324184252830414e-07
1.578371038171576871e-07
1.696417892090323063e-07
1.814464746009069520e-07
1.932511599927815712e-07
2.050558453846562168e-07
2.168605307765308625e-07
2.286652161684054817e-07
2.404699015602801009e-07
2.522745869521547466e-07
2.640792723440293393e-07
2.758839577359040379e-07
2.876886431277786306e-07
2.994933285196532763e-07
3.112980139115279220e-07
3.231026993034025147e-07
3.349073846952772133e-07
3.467120700871518060e-07
3.585167554790264517e-07
3.703214408709010974e-07
3.821261262627756901e-07
3.939308116546503887e-07
4.057354970465249814e-07
4.175401824383995742e-07
4.295543926053813581e-07
4.469464053334464815e-07
4.643384180615116049e-07
4.817304307895767283e-07
4.991224435176418517e-07
5.165144562457068692e-07
5.339064689737720984e-07
5.512984817018371159e-07
5.686904944299023452e-07
5.860825071579673627e-07
6.034745198860325920e-07
6.208665326140976095e-07
6.382585453421628387e-07
6.556505580702278562e-07
6.730425707982930855e-07
6.904345835263581030e-07
7.078265962544233322e-07
7.252186089824883498e-07
7.426106217105534731e-07
7.600026344386184906e-07
7.773946471666837199e-07
7.947866598947487374e-07
8.121786726228139667e-07
8.295706853508789842e-07
8.469626980789442134e-07
8.645332807658119767e-07
8.854966926699321214e-07
9.064601045740518426e-07
9.274235164781719874e-07
9.483869283822917086e-07
9.693503402864119592e-07
9.903137521905315745e-07
1.011277164094651825e-06
1.032240575998771652e-06
1.053203987902891691e-06
1.074167399807011518e-06
1.095130811711131557e-06
1.116094223615251384e-06
1.137057635519371635e-06
1.158021047423491250e-06
1.178984459327611501e-06
1.199947871231731116e-06
1.220911283135851367e-06
1.241874695039971194e-06
1.262838106944091233e-06
1.283801518848211060e-06
1.304764930752331099e-06
1.325728342656450926e-06
1.346691754560571176e-06
1.367655166464691003e-06
1.389061443295310168e-06
1.417110694023414523e-06
1.445159944751519302e-06
1.473209195479623658e-06
1.501258446207728013e-06
1.529307696935833004e-06
1.557356947663937359e-06
1.585406198392042138e-06
1.613455449120146493e-06
1.641504699848251484e-06
1.669553950576355839e-06
1.697603201304460618e-06
1.725652452032565186e-06
1.753701702760669964e-06
1.781750953488774320e-06
1.809800204216879311e-06
1.837849454944983454e-06
1.865898705673088445e-06
1.893947956401192800e-06
1.921997207129297579e-06
1.950046457857402146e-06
1.978095708585507137e-06
2.006144959313611281e-06
2.034194210041716271e-06
2.062243460769820415e-06
2.091161859739875034e-06
2.130799753693976475e-06
2.170437647648078341e-06
2.210075541602179359e-06
2.249713435556281224e-06
2.289351329510382666e-06
2.328989223464484532e-06
2.368627117418585550e-06
2.408265011372687415e-06
2.447902905326788857e-06
2.487540799280889875e-06
2.527178693234992164e-06
2.566816587189094029e-06
2.606454481143195895e-06
2.646092375097296490e-06
2.685730269051398355e-06
2.725368163005500220e-06
2.765006056959602086e-06
2.804643950913702680e-06
2.844281844867804546e-06
2.883919738821906411e-06
2.923557632776008276e-06
2.963195526730108871e-06
3.002833420684210736e-06
3.042471314638313025e-06
3.083680287765874033e-06
3.141273372273795214e-06
3.198866456781718937e-06
3.256459541289642235e-06
3.314052625797565534e-06
3.371645710305486715e-06
3.429238794813410014e-06
3.486831879321333313e-06
3.544424963829256612e-06
3.602018048337178217e-06
3.659611132845101515e-06
3.717204217353024814e-06
3.774797301860948113e-06
3.832390386368869718e-06
3.889983470876793017e-06
3.947576555384716315e-06
4.005169639892639614e-06
4.062762724400560372e-06
4.120355808908483671e-06
4.177948893416407817e-06
4.235541977924328574e-06
4.293135062432251873e-06
4.350728146940175172e-06
4.408321231448098471e-06
4.465914315956020075e-06
4.526065776144114298e-06
4.609242617453756148e-06
4.692419458763397152e-06
4.775596300073035614e-06
4.858773141382676617e-06
4.941949982692317621e-06
5.025126824001958624e-06
5.108303665311597087e-06
5.191480506621238937e-06
5.274657347930879940e-06
5.357834189240520944e-06
5.441011030550159406e-06
5.524187871859800410e-06
5.607364713169441413e-06
5.690541554479083264e-06
5.773718395788720879e-06
5.856895237098362729e-06
5.940072078408003733e-06
6.023248919717644736e-06
6.106425761027283199e-06
6.189602602336924202e-06
6.272779443646565205e-06
6.355956284956207056e-06
6.439133126265845518e-06
6.522309967575486522e-06
6.609504980131463594e-06
6.728398899186318615e-06
6.847292818241169401e-06
6.966186737296023576e-06
7.085080656350878597e-06
7.203974575405733619e-06
7.322868494460583558e-06
7.441762413515438579e-06
7.560656332570293601e-06
7.679550251625148622e-06
7.798444170679998561e-06
7.917338089734853582e-06
8.036232008789708604e-06
8.155125927844563625e-06
8.274019846899413564e-06
8.392913765954268586e-06
8.511807685009121913e-06
8.630701604063976935e-06
8.749595523118828568e-06
8.868489442173683589e-06
8.987383361228536916e-06
9.106277280283391938e-06
9.225171199338241877e-06
9.344065118393096898e-06
9.462959037447951920e-06
9.588113477499451515e-06
9.757091564527459735e-06
9.926069651555474732e-06
1.009504773858348973e-05
1.026402582561150303e-05
1.043300391263951125e-05
1.060198199966752625e-05
1.077096008669553955e-05
1.093993817372354947e-05
1.110891626075156277e-05
1.127789434777957776e-05
1.144687243480759276e-05
1.161585052183560098e-05
1.178482860886361428e-05
1.195380669589162928e-05
1.212278478291964258e-05
1.229176286994765080e-05
1.246074095697566580e-05
1.262971904400368080e-05
1.279869713103169579e-05
1.296767521805970401e-05
1.313665330508771732e-05
1.330563139211573231e-05
1.347460947914374562e-05
1.364358756617175384e-05
1.382154366470484040e-05
1.405581638086065904e-05
1.429008909701647768e-05
1.452436181317228786e-05
1.475863452932810650e-05
1.499290724548392515e-05
1.522717996163974379e-05
1.546145267779555396e-05
1.569572539395137261e-05
1.592999811010719125e-05
1.616427082626300989e-05
1.639854354241882176e-05
1.663281625857464041e-05
1.686708897473045905e-05
1.710136169088627769e-05
1.733563440704208956e-05
1.756990712319790821e-05
1.780417983935372685e-05
1.803845255550954549e-05
1.827272527166535397e-05
1.850699798782117262e-05
1.874127070397699126e-05
1.897554342013280991e-05
1.920981613628862177e-05
1.944408885244444042e-05
1.969061360064987691e-05
2.000656653046980888e-05
2.032251946028973069e-05
2.063847239010966605e-05
2.095442531992959803e-05
2.127037824974953339e-05
2.158633117956945520e-05
2.190228410938938717e-05
2.221823703920932253e-05
2.253418996902925450e-05
2.285014289884917631e-05
2.316609582866911167e-05
2.348204875848904365e-05
2.379800168830897562e-05
2.411395461812890082e-05
2.442990754794883279e-05
2.474586047776876477e-05
2.506181340758870013e-05
2.537776633740862194e-05
2.569371926722855391e-05
2.600967219704847911e-05
2.632562512686841108e-05
2.664157805668834305e-05
2.695753098650827842e-05
2.727348391632821378e-05
2.760468241208462992e-05
2.801445420920600969e-05
2.842422600632735897e-05
2.883399780344873874e-05
2.924376960057011851e-05
2.965354139769149828e-05
3.006331319481287805e-05
3.047308499193425782e-05
3.088285678905563759e-05
3.129262858617701737e-05
3.170240038329837003e-05
3.211217218041974980e-05
3.252194397754112957e-05
3.293171577466250935e-05
3.334148757178388912e-05
3.375125936890526889e-05
3.416103116602664866e-05
3.457080296314802843e-05
3.498057476026937432e-05
3.539034655739076087e-05
3.580011835451213386e-05
3.620989015163352041e-05
3.661966194875489341e-05
3.702943374587627995e-05
3.743920554299765295e-05
3.786483399141627322e-05
3.836521522452183503e-05
3.886559645762742394e-05
3.936597769073301963e-05
3.986635892383861532e-05
4.036674015694420424e-05
4.086712139004979993e-05
4.136750262315539562e-05
4.186788385626099131e-05
4.236826508936654634e-05
4.286864632247214203e-05
4.336902755557773772e-05
4.386940878868332664e-05
4.436979002178892233e-05
4.487017125489451802e-05
4.537055248800011371e-05
4.587093372110570262e-05
4.637131495421126443e-05
4.687169618731685335e-05
4.737207742042244904e-05
4.787245865352804473e-05
4.837283988663364042e-05
4.887322111973923611e-05
4.937360235284482502e-05
4.987398358595042071e-05
5.038557284807967425e-05
5.094573023597834217e-05
5.150588762387701687e-05
5.206604501177568479e-05
5.262620239967435271e-05
5.318635978757302064e-05
5.374651717547168856e-05
5.430667456337036326e-05
5.486683195126899052e-05
5.542698933916765844e-05
5.598714672706632637e-05
5.654730411496499429e-05
5.710746150286366899e-05
5.766761889076233691e-05
5.822777627866100483e-05
5.878793366655963887e-05
5.934809105445830002e-05
5.990824844235697472e-05
6.046840583025564264e-05
6.102856321815431056e-05
6.158872060605298526e-05
6.214887799395164641e-05
6.270903538185032110e-05
6.326919276974894159e-05
6.382935015764761629e-05
6.438778927886976546e-05
6.493935533338578538e-05
6.549092138790181886e-05
6.604248744241783878e-05
6.659405349693387226e-05
6.714561955144989218e-05
6.769718560596588500e-05
6.824875166048191848e-05
6.880031771499793840e-05
6.935188376951397188e-05
6.990344982402999180e-05
7.045501587854602528e-05
7.100658193306204520e-05
7.155814798757807868e-05
7.210971404209407150e-05
7.266128009661009142e-05
7.321284615112612490e-05
7.376441220564215837e-05
7.431597826015817830e-05
7.486754431467421177e-05
7.541911036919023170e-05
7.597067642370626517e-05
7.652224247822224444e-05
7.707380853273827792e-05
7.762537458725431139e-05
7.815594935309491567e-05
7.860873287266777524e-05
7.906151639224064836e-05
7.951429991181350793e-05
7.996708343138638105e-05
8.041986695095921351e-05
8.087265047053207308e-05
8.132543399010493264e-05
8.177821750967780576e-05
8.223100102925066533e-05
8.268378454882353845e-05
8.313656806839639802e-05
8.358935158796925759e-05
8.404213510754209005e-05
8.449491862711496317e-05
8.494770214668782274e-05
8.540048566626069586e-05
8.585326918583355543e-05
8.630605270540641499e-05
8.675883622497928811e-05
8.721161974455214768e-05
8.766440326412498014e-05
8.811718678369785326e-05
8.856997030327071283e-05
8.902275382284358595e-05
8.943210656678955239e-05
8.969186441690955814e-05
8.995162226702956389e-05
9.021138011714955609e-05
9.047113796726956184e-05
9.073089581738956759e-05
9.099065366750957334e-05
9.125041151762959264e-05
9.151016936774959839e-05
9.176992721786960414e-05
9.202968506798960989e-05
9.228944291810960209e-05
9.254920076822960784e-05
9.280895861834961358e-05
9.306871646846961933e-05
9.332847431858962508e-05
9.358823216870963083e-05
9.384799001882963658e-05
9.410774786894964233e-05
9.436750571906963453e-05
9.462726356918964028e-05
9.488702141930964603e-05
9.514677926942965178e-05
9.540653711954965753e-05
9.566629496966966328e-05
9.587277139499701185e-05
9.590818640388472263e-05
9.594360141277241986e-05
9.597901642166013064e-05
9.601443143054784143e-05
9.604984643943555221e-05
9.608526144832326300e-05
9.612067645721097378e-05
9.615609146609868456e-05
9.619150647498639535e-05
9.622692148387409258e-05
9.626233649276180336e-05
9.629775150164951415e-05
9.633316651053722493e-05
9.636858151942493571e-05
9.640399652831264650e-05
9.643941153720035728e-05
9.647482654608806807e-05
9.651024155497576530e-05
9.654565656386347608e-05
9.658107157275118686e-05
9.661648658163889765e-05
9.665190159052660843e-05
9.668731659941431922e-05
9.672273160830203000e-05
9.671202222402889670e-05
9.656293966027324469e-05
9.641385709651757914e-05
9.626477453276191358e-05
9.611569196900624802e-05
9.596660940525058247e-05
9.581752684149493046e-05
9.566844427773926491e-05
9.551936171398359935e-05
9.537027915022794735e-05
9.522119658647228179e-05
9.507211402271661623e-05
9.492303145896095068e-05
9.477394889520528512e-05
9.462486633144963312e-05
9.447578376769396756e-05
9.432670120393831556e-05
9.417761864018265000e-05
9.402853607642698444e-05
9.387945351267131889e-05
9.373037094891565333e-05
9.358128838515998777e-05
9.343220582140433577e-05
9.328312325764867021e-05
9.313404069389301821e-05
9.295974182016992333e-05
9.271459712320501481e-05
9.246945242624010630e-05
9.222430772927519779e-05
9.197916303231028928e-05
9.173401833534538077e-05
9.148887363838047225e-05
9.124372894141559085e-05
9.099858424445068233e-05
9.075343954748577382e-05
9.050829485052086531e-05
9.026315015355595680e-05
9.001800545659104829e-05
8.977286075962613977e-05
8.952771606266123126e-05
8.928257136569633630e-05
8.903742666873142779e-05
8.879228197176651928e-05
8.854713727480161077e-05
8.830199257783670225e-05
8.805684788087179374e-05
8.781170318390688523e-05
8.756655848694197672e-05
8.732141378997708176e-05
8.707626909301217325e-05
8.682459715322048837e-05
8.655571702779454781e-05
8.628683690236860725e-05
8.601795677694266669e-05
8.574907665151672612e-05
8.548019652609078556e-05
8.521131640066485855e-05
8.494243627523891799e-05
8.467355614981297743e-05
8.440467602438703686e-05
8.413579589896109630e-05
8.386691577353516929e-05
8.359803564810922873e-05
8.332915552268328817e-05
8.306027539725736116e-05
8.279139527183142059e-05
8.252251514640548003e-05
8.225363502097953947e-05
8.198475489555359891e-05
8.171587477012765834e-05
8.144699464470171778e-05
8.117811451927577722e-05
8.090923439384986376e-05
8.064035426842392320e-05
8.037147414299798264e-05
8.010749473983512926e-05
7.985566060488950315e-05
7.960382646994386348e-05
7.935199233499823737e-05
7.910015820005262481e-05
7.884832406510699869e-05
7.859648993016137258e-05
7.834465579521574647e-05
7.809282166027010680e-05
7.784098752532448069e-05
7.758915339037885457e-05
7.733731925543322846e-05
7.708548512048761590e-05
7.683365098554198979e-05
7.658181685059635012e-05
7.632998271565072401e-05
7.607814858070509789e-05
7.582631444575947178e-05
7.557448031081384567e-05
7.532264617586820600e-05
7.507081204092259344e-05
7.481897790597696733e-05
7.456714377103134121e-05
7.431530963608571510e-05
7.406347550114008899e-05
7.382168570292333960e-05
7.360333269040730711e-05
7.338497967789128816e-05
7.316662666537528277e-05
7.294827365285926383e-05
7.272992064034324489e-05
7.251156762782722594e-05
7.229321461531119345e-05
7.207486160279517450e-05
7.185650859027915556e-05
7.163815557776313661e-05
7.141980256524713122e-05
7.120144955273109873e-05
7.098309654021507978e-05
7.076474352769906084e-05
7.054639051518304190e-05
7.032803750266702295e-05
7.010968449015100401e-05
6.989133147763497151e-05
6.967297846511896612e-05
6.945462545260294718e-05
6.923627244008692823e-05
6.901791942757090929e-05
6.879956641505489035e-05
6.858121340253885785e-05
6.837315514941115849e-05
6.818774536693777033e-05
6.800233558446439573e-05
6.781692580199100758e-05
6.763151601951763298e-05
6.744610623704424483e-05
6.726069645457085668e-05
6.707528667209746852e-05
6.688987688962408037e-05
6.670446710715069222e-05
6.651905732467731762e-05
6.633364754220392946e-05
6.614823775973054131e-05
6.596282797725715316e-05
6.577741819478376501e-05
6.559200841231039040e-05
6.540659862983700225e-05
6.522118884736361410e-05
6.503577906489022595e-05
6.485036928241683779e-05
6.466495949994344964e-05
6.447954971747007504e-05
6.429413993499668689e-05
6.410873015252329873e-05
6.392332037004991058e-05
6.374729296826708923e-05
6.359075204945700333e-05
6.343421113064691744e-05
6.327767021183683155e-05
6.312112929302677276e-05
6.296458837421668687e-05
6.280804745540660098e-05
6.265150653659650154e-05
6.249496561778641564e-05
6.233842469897632975e-05
6.218188378016624386e-05
6.202534286135615797e-05
6.186880194254607208e-05
6.171226102373598618e-05
6.155572010492590029e-05
6.139917918611581440e-05
6.124263826730572851e-05
6.108609734849564262e-05
6.092955642968555673e-05
6.077301551087547083e-05
6.061647459206540527e-05
6.045993367325531938e-05
6.030339275444523349e-05
6.014685183563514759e-05
5.999031091682505493e-05
5.984174462896988544e-05
5.970883224632251484e-05
5.957591986367513745e-05
5.944300748102776684e-05
5.931009509838039624e-05
5.917718271573302563e-05
5.904427033308564825e-05
5.891135795043827764e-05
5.877844556779090703e-05
5.864553318514352965e-05
5.851262080249615904e-05
5.837970841984880198e-05
5.824679603720143138e-05
5.811388365455406077e-05
5.798097127190669016e-05
5.784805888925931278e-05
5.771514650661194217e-05
5.758223412396457156e-05
5.744932174131719418e-05
5.731640935866982357e-05
5.718349697602245296e-05
5.705058459337507558e-05
5.691767221072770497e-05
5.678475982808033436e-05
5.665184744543295698e-05
5.652572852353361904e-05
5.641222602873775387e-05
5.629872353394190903e-05
5.618522103914604386e-05
5.607171854435018547e-05
5.595821604955432030e-05
5.584471355475845514e-05
5.573121105996259675e-05
5.561770856516673158e-05
5.550420607037086641e-05
5.539070357557500802e-05
5.527720108077914285e-05
5.516369858598328446e-05
5.505019609118741929e-05
5.493669359639155413e-05
5.482319110159569574e-05
5.470968860679983057e-05
5.459618611200398573e-05
5.448268361720812056e-05
5.436918112241226217e-05
5.425567862761639700e-05
5.414217613282053184e-05
5.402867363802467345e-05
5.391517114322880828e-05
5.380166864843294989e-05
5.369310118744187791e-05
5.359321257900408230e-05
5.349332397056627992e-05
5.339343536212847754e-05
5.329354675369067515e-05
5.319365814525287277e-05
5.309376953681507717e-05
5.299388092837727479e-05
5.289399231993948596e-05
5.279410371150168357e-05
5.269421510306388119e-05
5.259432649462608559e-05
5.249443788618828320e-05
5.239454927775048082e-05
5.229466066931267844e-05
5.219477206087487606e-05
5.209488345243708045e-05
5.199499484399927807e-05
5.189510623556147569e-05
5.179521762712367331e-05
5.169532901868587093e-05
5.159544041024806854e-05
5.149555180181027294e-05
5.139566319337247056e-05
5.129577458493468173e-05
5.120079910091753487e-05
5.111401215760147604e-05
5.102722521428542399e-05
5.094043827096937193e-05
5.085365132765331311e-05
5.076686438433726105e-05
5.068007744102120222e-05
5.059329049770515017e-05
5.050650355438909134e-05
5.041971661107303928e-05
5.033292966775698046e-05
5.024614272444092840e-05
5.015935578112486957e-05
5.007256883780881752e-05
4.998578189449275869e-05
4.989899495117672019e-05
4.981220800786066136e-05
4.972542106454460930e-05
4.963863412122855047e-05
4.955184717791249842e-05
4.946506023459643959e-05
4.937827329128038754e-05
4.929148634796432871e-05
4.920469940464827665e-05
4.911791246133221782e-05
4.903551916022530830e-05
4.896007064841672847e-05
4.888462213660814187e-05
4.880917362479956205e-05
4.873372511299098222e-05
4.865827660118240917e-05
4.858282808937382257e-05
4.850737957756524275e-05
4.843193106575666292e-05
4.835648255394807632e-05
4.828103404213949650e-05
4.820558553033090990e-05
4.813013701852233007e-05
4.805468850671375025e-05
4.797923999490516365e-05
4.790379148309658382e-05
4.782834297128799722e-05
4.775289445947941740e-05
4.767744594767083757e-05
4.760199743586225097e-05
4.752654892405367115e-05
4.745110041224509810e-05
4.737565190043651828e-05
4.730020338862793168e-05
4.722475487681935185e-05
4.715263964736933787e-05
4.708552434145718958e-05
4.701840903554504130e-05
4.695129372963289301e-05
4.688417842372074473e-05
4.681706311780859644e-05
4.674994781189644816e-05
4.668283250598429988e-05
4.661571720007215159e-05
4.654860189416000331e-05
4.648148658824785502e-05
4.641437128233570674e-05
4.634725597642357201e-05
4.628014067051142372e-05
4.621302536459927544e-05
4.614591005868712715e-05
4.607879475277497887e-05
4.601167944686283058e-05
4.594456414095068230e-05
4.587744883503853401e-05
4.581033352912638573e-05
4.574321822321423744e-05
4.567610291730208916e-05
4.560898761138994088e-05
4.554187230547779259e-05
4.547790552158226951e-05
4.541842299631648576e-05
4.535894047105070202e-05
4.529945794578493182e-05
4.523997542051914807e-05
4.518049289525337110e-05
4.512101036998758736e-05
4.506152784472180361e-05
4.500204531945602664e-05
4.494256279419024289e-05
4.488308026892445915e-05
4.482359774365868218e-05
4.476411521839289843e-05
4.470463269312711468e-05
4.464515016786133771e-05
4.458566764259555397e-05
4.452618511732977022e-05
4.446670259206399325e-05
4.440722006679821628e-05
4.434773754153243931e-05
4.428825501626665556e-05
4.422877249100087182e-05
4.416928996573509485e-05
4.410980744046931110e-05
4.405032491520352735e-05
4.399321646671752696e-05
4.393932000446299895e-05
4.388542354220846417e-05
4.383152707995392939e-05
4.377763061769940139e-05
4.372373415544486661e-05
4.366983769319033860e-05
4.361594123093580382e-05
4.356204476868126904e-05
4.350814830642674781e-05
4.345425184417221303e-05
4.340035538191768503e-05
4.334645891966315025e-05
4.329256245740861547e-05
4.323866599515408747e-05
4.318476953289955268e-05
4.313087307064502468e-05
4.307697660839048990e-05
4.302308014613595512e-05
4.296918368388142712e-05
4.291528722162689234e-05
4.286139075937235755e-05
4.280749429711782955e-05
4.275359783486329477e-05
4.269970137260876677e-05
4.264793570780272424e-05
4.259890963971615918e-05
4.254988357162960090e-05
4.250085750354303584e-05
4.245183143545647078e-05
4.240280536736990572e-05
4.235377929928334744e-05
4.230475323119678238e-05
4.225572716311021732e-05
4.220670109502365226e-05
4.215767502693709397e-05
4.210864895885052891e-05
4.205962289076396385e-05
4.201059682267739879e-05
4.196157075459083373e-05
4.191254468650427545e-05
4.186351861841771716e-05
4.181449255033115210e-05
4.176546648224458704e-05
4.171644041415802876e-05
4.166741434607146370e-05
4.161838827798489864e-05
4.156936220989833358e-05
4.152033614181177529e-05
4.147131007372521023e-05
4.142429336228562397e-05
4.137973253119233910e-05
4.133517170009906101e-05
4.129061086900577614e-05
4.124605003791249804e-05
4.120148920681921317e-05
4.115692837572593508e-05
4.111236754463265698e-05
4.106780671353937211e-05
4.102324588244609402e-05
4.097868505135280915e-05
4.093412422025952428e-05
4.088956338916624618e-05
4.084500255807296131e-05
4.080044172697968322e-05
4.075588089588639835e-05
4.071132006479312026e-05
4.066675923369983539e-05
4.062219840260655052e-05
4.057763757151327242e-05
4.053307674041998755e-05
4.048851590932670946e-05
4.044395507823343136e-05
4.039939424714014649e-05
4.035483341604686840e-05
4.031188802643630138e-05
4.027082004179214698e-05
4.022975205714798580e-05
4.018868407250382463e-05
4.014761608785966346e-05
4.010654810321550906e-05
4.006548011857134789e-05
4.002441213392718671e-05
3.998334414928302554e-05
3.994227616463887114e-05
3.990120817999470997e-05
3.986014019535054879e-05
3.981907221070638762e-05
3.977800422606224000e-05
3.973693624141807882e-05
3.969586825677391765e-05
3.965480027212975648e-05
3.961373228748560208e-05
3.957266430284144091e-05
3.953159631819727973e-05
3.949052833355311856e-05
3.944946034890896416e-05
3.940839236426480299e-05
3.936732437962064181e-05
3.932625639497648064e-05
3.928663222541032603e-05
3.924860385145669250e-05
3.921057547750306574e-05
3.917254710354943221e-05
3.913451872959581223e-05
3.909649035564217870e-05
3.905846198168855195e-05
3.902043360773491842e-05
3.898240523378129166e-05
3.894437685982765813e-05
3.890634848587403138e-05
3.886832011192040462e-05
3.883029173796677109e-05
3.879226336401314434e-05
3.875423499005951081e-05
3.871620661610588405e-05
3.867817824215225052e-05
3.864014986819862377e-05
3.860212149424499024e-05
3.856409312029137026e-05
3.852606474633773673e-05
3.848803637238410998e-05
3.845000799843047645e-05
3.841197962447684969e-05
3.837395125052321616e-05
3.833738641765709098e-05
3.830236017926756236e-05
3.826733394087803374e-05
3.823230770248850513e-05
3.819728146409897651e-05
3.816225522570944789e-05
3.812722898731992605e-05
3.809220274893039744e-05
3.805717651054086882e-05
3.802215027215134020e-05
3.798712403376181836e-05
3.795209779537228974e-05
3.791707155698276113e-05
3.788204531859323929e-05
3.784701908020371067e-05
3.781199284181418205e-05
3.777696660342465344e-05
3.774194036503512482e-05
3.770691412664559620e-05
3.767188788825607436e-05
3.763686164986654575e-05
3.760183541147701713e-05
3.756680917308748851e-05
3.753178293469795990e-05
3.749675669630843128e-05
3.746277097385519359e-05
3.742982576733825360e-05
3.739688056082130684e-05
3.736393535430435330e-05
3.733099014778740654e-05
3.729804494127045977e-05
3.726509973475351301e-05
3.723215452823656625e-05
3.719920932171961271e-05
3.716626411520266595e-05
3.713331890868571918e-05
3.710037370216877242e-05
3.706742849565181888e-05
3.703448328913487212e-05
3.700153808261792535e-05
3.696859287610097859e-05
3.693564766958403183e-05
3.690270246306708507e-05
3.686975725655013830e-05
3.683681205003319154e-05
3.680386684351623800e-05
3.677092163699929124e-05
3.673797643048234447e-05
3.670503122396539771e-05
3.667208601744845095e-05
3.664025014005529057e-05
3.660946947817012693e-05
3.657868881628496328e-05
3.654790815439980641e-05
3.651712749251464276e-05
3.648634683062947911e-05
3.645556616874431546e-05
3.642478550685915859e-05
3.639400484497399494e-05
3.636322418308883807e-05
3.633244352120367442e-05
3.630166285931851077e-05
3.627088219743334713e-05
3.624010153554818348e-05
3.620932087366302661e-05
3.617854021177786296e-05
3.614775954989269931e-05
3.611697888800753566e-05
3.608619822612237201e-05
3.605541756423721514e-05
3.602463690235205149e-05
3.599385624046688785e-05
3.596307557858172420e-05
3.593229491669656733e-05
3.590151425481140368e-05
3.587169104072022074e-05
3.584273408891882311e-05
3.581377713711742547e-05
3.578482018531602783e-05
3.575586323351463019e-05
3.572690628171323255e-05
3.569794932991183492e-05
3.566899237811043728e-05
3.564003542630903964e-05
3.561107847450764200e-05
3.558212152270624437e-05
3.555316457090484673e-05
3.552420761910344909e-05
3.549525066730205145e-05
3.546629371550066059e-05
3.543733676369926295e-05
3.540837981189786532e-05
3.537942286009646768e-05
3.535046590829507004e-05
3.532150895649367240e-05
3.529255200469227476e-05
3.526359505289087713e-05
3.523463810108947949e-05
3.520568114928808185e-05
3.517672419748668421e-05
3.514850033641324047e-05
3.512090727433826791e-05
3.509331421226330211e-05
3.506572115018832955e-05
3.503812808811335698e-05
3.501053502603839119e-05
3.498294196396341862e-05
3.495534890188844605e-05
3.492775583981347348e-05
3.490016277773850769e-05
3.487256971566353512e-05
3.484497665358856256e-05
3.481738359151358999e-05
3.478979052943862420e-05
3.476219746736365163e-05
3.473460440528867906e-05
3.470701134321370649e-05
3.467941828113873392e-05
3.465182521906376813e-05
3.462423215698879557e-05
3.459663909491382977e-05
3.456904603283885721e-05
3.454145297076388464e-05
3.451385990868891207e-05
3.448626684661394628e-05
3.445952865441764243e-05
3.443348990121298771e-05
3.440745114800832622e-05
3.438141239480367150e-05
3.435537364159901001e-05
3.432933488839435529e-05
3.430329613518969380e-05
3.427725738198503230e-05
3.425121862878037759e-05
3.422517987557571609e-05
3.419914112237106138e-05
3.417310236916640666e-05
3.414706361596174517e-05
3.412102486275709045e-05
3.409498610955242896e-05
3.406894735634777424e-05
3.404290860314311274e-05
3.401686984993845803e-05
3.399083109673379653e-05
3.396479234352914182e-05
3.393875359032448032e-05
3.391271483711982561e-05
3.388667608391516411e-05
3.386063733071050262e-05
3.383459857750584790e-05
3.380926660492727026e-05
3.378448435061342299e-05
3.375970209629958251e-05
3.373491984198573524e-05
3.371013758767188798e-05
3.368535533335804071e-05
3.366057307904419345e-05
3.363579082473034618e-05
3.361100857041649892e-05
3.358622631610265165e-05
3.356144406178880439e-05
3.353666180747495712e-05
3.351187955316110986e-05
3.348709729884726259e-05
3.346231504453341533e-05
3.343753279021956807e-05
3.341275053590572080e-05
3.338796828159187354e-05
3.336318602727802627e-05
3.333840377296417901e-05
3.331362151865033174e-05
3.328883926433648448e-05
3.326405701002263721e-05
3.323927475570878995e-05
3.321449250139494268e-05
3.319014696960619575e-05
3.316612423272730293e-05
3.314210149584841011e-05
3.311807875896951729e-05
3.309405602209062447e-05
3.307003328521173165e-05
3.304601054833283884e-05
3.302198781145394602e-05
3.299796507457505997e-05
3.297394233769616715e-05
3.294991960081727434e-05
3.292589686393838152e-05
3.290187412705948870e-05
3.287785139018059588e-05
3.285382865330170306e-05
3.282980591642281024e-05
3.280578317954391742e-05
3.278176044266502460e-05
3.275773770578613178e-05
3.273371496890723896e-05
3.270969223202834614e-05
3.268566949514945333e-05
3.266164675827056051e-05
3.263762402139166769e-05
3.261360128451277487e-05
3.259025966427051154e-05
3.256739627485821879e-05
3.254453288544592604e-05
3.252166949603363329e-05
3.249880610662134054e-05
3.247594271720904779e-05
3.245307932779675504e-05
3.243021593838446229e-05
3.240735254897216954e-05
3.238448915955987679e-05
3.236162577014758404e-05
3.233876238073529128e-05
3.231589899132299853e-05
3.229303560191071256e-05
3.227017221249841981e-05
3.224730882308612706e-05
3.222444543367383431e-05
3.220158204426154156e-05
3.217871865484924881e-05
3.215585526543695606e-05
3.213299187602467008e-05
3.211012848661237733e-05
3.208726509720008458e-05
3.206440170778779183e-05
3.204153831837549908e-05
3.201874668118463284e-05
3.199600287880805546e-05
3.197325907643147808e-05
3.195051527405490070e-05
3.192777147167832332e-05
3.190502766930173917e-05
3.188228386692516856e-05
3.185954006454859118e-05
3.183679626217201381e-05
3.181405245979542965e-05
3.179130865741885227e-05
3.176856485504227489e-05
3.174582105266569751e-05
3.172307725028912013e-05
3.170033344791254275e-05
3.167758964553596537e-05
3.165484584315938799e-05
3.163210204078280383e-05
3.160935823840622645e-05
3.158661443602964907e-05
3.156387063365307169e-05
3.154112683127649431e-05
3.151838302889991693e-05
3.149563922652333955e-05
3.147289542414676217e-05
3.145035001160169797e-05
3.142793011099085363e-05
3.140551021038001607e-05
3.138309030976917173e-05
3.136067040915832739e-05
3.133825050854748982e-05
3.131583060793664548e-05
3.129341070732580114e-05
3.127099080671496358e-05
3.124857090610411923e-05
3.122615100549327489e-05
3.120373110488243733e-05
3.118131120427159976e-05
3.115889130366075542e-05
3.113647140304991108e-05
3.111405150243907352e-05
3.109163160182822918e-05
3.106921170121738484e-05
3.104679180060654727e-05
3.102437189999570293e-05
3.100195199938485859e-05
3.097953209877402103e-05
3.095711219816317669e-05
3.093469229755233234e-05
3.091227239694149478e-05
3.088981370909447797e-05
3.086733174890575904e-05
3.084484978871704689e-05
3.082236782852832796e-05
3.079988586833960903e-05
3.077740390815089688e-05
3.075492194796217794e-05
3.073243998777345901e-05
3.070995802758474008e-05
3.068747606739602115e-05
3.066499410720730900e-05
3.064251214701859007e-05
3.062003018682987114e-05
3.059754822664115221e-05
3.057506626645243328e-05
3.055258430626372112e-05
3.053010234607500219e-05
3.050762038588628326e-05
3.048513842569756772e-05
3.046265646550885218e-05
3.044017450532013325e-05
3.041769254513141771e-05
3.039521058494269878e-05
3.037272862475398323e-05
3.035024666456526430e-05
3.032681110580772962e-05
3.030283330472675459e-05
3.027885550364577618e-05
3.025487770256480116e-05
3.023089990148382274e-05
3.020692210040285111e-05
3.018294429932187270e-05
3.015896649824089429e-05
3.013498869715991926e-05
3.011101089607894085e-05
3.008703309499796583e-05
3.006305529391698741e-05
3.003907749283600900e-05
3.001509969175503398e-05
2.999112189067405557e-05
2.996714408959308054e-05
2.994316628851210213e-05
2.991918848743112372e-05
2.989521068635014870e-05
2.987123288526917028e-05
2.984725508418819526e-05
2.982327728310721685e-05
2.979929948202623844e-05
2.977532168094526341e-05
2.975134387986428500e-05
2.972701303317539458e-05
2.970249208500531999e-05
2.967797113683524202e-05
2.965345018866516743e-05
2.962892924049508945e-05
2.960440829232501486e-05
2.957988734415494027e-05
2.955536639598486229e-05
2.953084544781479448e-05
2.950632449964471650e-05
2.948180355147464191e-05
2.945728260330456733e-05
2.943276165513448935e-05
2.940824070696441476e-05
2.938371975879433678e-05
2.935919881062426219e-05
2.933467786245418422e-05
2.931015691428410963e-05
2.928563596611403504e-05
2.926111501794395706e-05
2.923659406977388247e-05
2.921207312160380449e-05
2.918755217343372991e-05
2.916303122526365532e-05
2.913851027709357734e-05
2.911141977622926579e-05
2.908302025795468253e-05
2.905462073968010265e-05
2.902622122140551938e-05
2.899782170313093611e-05
2.896942218485635284e-05
2.894102266658176958e-05
2.891262314830718631e-05
2.888422363003260304e-05
2.885582411175802316e-05
2.882742459348343989e-05
2.879902507520885663e-05
2.877062555693427336e-05
2.874222603865969009e-05
2.871382652038510682e-05
2.868542700211053372e-05
2.865702748383595045e-05
2.862862796556136719e-05
2.860022844728678392e-05
2.857182892901220065e-05
2.854342941073761738e-05
2.851502989246303750e-05
2.848663037418845424e-05
2.845823085591387097e-05
2.842983133763928770e-05
2.839890109684575209e-05
2.836675236002457074e-05
2.833460362320338940e-05
2.830245488638220806e-05
2.827030614956102671e-05
2.823815741273984537e-05
2.820600867591866403e-05
2.817385993909748268e-05
2.814171120227630134e-05
2.810956246545512000e-05
2.807741372863393865e-05
2.804526499181275731e-05
2.801311625499157596e-05
2.798096751817039462e-05
2.794881878134921328e-05
2.791667004452803193e-05
2.788452130770685059e-05
2.785237257088566925e-05
2.782022383406448790e-05
2.778807509724330656e-05
2.775592636042212522e-05
2.772377762360095404e-05
2.769162888677977269e-05
2.765948014995859135e-05
2.762733141313741001e-05
2.759232365466508997e-05
2.755601634089680088e-05
2.751970902712851179e-05
2.748340171336022269e-05
2.744709439959193360e-05
2.741078708582364112e-05
2.737447977205535203e-05
2.733817245828706294e-05
2.730186514451877385e-05
2.726555783075048476e-05
2.722925051698219228e-05
2.719294320321390319e-05
2.715663588944561410e-05
2.712032857567732501e-05
2.708402126190903592e-05
2.704771394814074682e-05
2.701140663437245435e-05
2.697509932060416525e-05
2.693879200683587616e-05
2.690248469306758707e-05
2.686617737929929798e-05
2.682987006553100550e-05
2.679356275176271641e-05
2.675725543799442732e-05
2.672094812422613823e-05
2.667743304077848358e-05
2.663082891318253328e-05
2.658422478558658298e-05
2.653762065799064623e-05
2.649101653039469593e-05
2.644441240279874224e-05
2.639780827520279193e-05
2.635120414760684163e-05
2.630460002001089133e-05
2.625799589241494103e-05
2.621139176481898734e-05
2.616478763722303704e-05
2.611818350962708674e-05
2.607157938203113643e-05
2.602497525443518613e-05
2.597837112683923583e-05
2.593176699924328214e-05
2.588516287164733184e-05
2.583855874405138154e-05
2.579195461645543124e-05
2.574535048885948093e-05
2.569874636126353063e-05
2.565214223366757694e-05
2.560553810607162664e-05
2.555893397847567634e-05
2.550756553640586756e-05
2.545427465165362401e-05
2.540098376690138045e-05
2.534769288214913690e-05
2.529440199739689673e-05
2.524111111264465318e-05
2.518782022789240962e-05
2.513452934314016607e-05
2.508123845838792251e-05
2.502794757363569590e-05
2.497465668888345234e-05
2.492136580413120879e-05
2.486807491937896523e-05
2.481478403462672168e-05
2.476149314987447812e-05
2.470820226512223457e-05
2.465491138036999440e-05
2.460162049561775085e-05
2.454832961086550729e-05
2.449503872611326374e-05
2.444174784136102018e-05
2.438845695660877663e-05
2.433516607185653307e-05
2.428187518710429291e-05
2.422858430235204935e-05
2.416651617002839994e-05
2.410111873690179928e-05
2.403572130377520200e-05
2.397032387064860473e-05
2.390492643752200407e-05
2.383952900439540679e-05
2.377413157126880952e-05
2.370873413814220885e-05
2.364333670501561158e-05
2.357793927188901430e-05
2.351254183876241364e-05
2.344714440563581636e-05
2.338174697250921909e-05
2.331634953938261842e-05
2.325095210625602115e-05
2.318555467312942387e-05
2.312015724000284354e-05
2.305475980687624626e-05
2.298936237374964560e-05
2.292396494062304833e-05
2.285856750749645105e-05
2.279317007436985039e-05
2.272777264124325311e-05
2.266237520811665584e-05
2.259697777499005517e-05
2.252170786495333942e-05
2.244292402245708692e-05
2.236414017996083103e-05
2.228535633746457853e-05
2.220657249496832603e-05
2.212778865247207015e-05
2.204900480997581765e-05
2.197022096747956515e-05
2.189143712498330927e-05
2.181265328248705677e-05
2.173386943999080427e-05
2.165508559749454838e-05
2.157630175499829588e-05
2.149751791250204000e-05
2.141873407000578750e-05
2.133995022750953500e-05
2.126116638501327911e-05
2.118238254251702662e-05
2.110359870002077412e-05
2.102481485752451823e-05
2.094603101502826573e-05
2.086724717253201324e-05
2.078846333003578107e-05
2.070967948753952857e-05
2.063089564504327268e-05
2.054614193781850623e-05
2.045939827568423399e-05
2.037265461354996176e-05
2.028591095141568952e-05
2.019916728928141390e-05
2.011242362714714166e-05
2.002567996501286942e-05
1.993893630287859719e-05
1.985219264074432495e-05
1.976544897861004933e-05
1.967870531647577709e-05
1.959196165434150486e-05
1.950521799220723262e-05
1.941847433007296039e-05
1.933173066793868476e-05
1.924498700580441253e-05
1.915824334367014029e-05
1.907149968153586806e-05
1.898475601940159582e-05
1.889801235726732020e-05
1.881126869513304796e-05
1.872452503299877572e-05
1.863778137086450349e-05
1.855103770873023125e-05
1.846429404659595563e-05
1.837166447426613128e-05
1.827720158564589251e-05
1.818273869702565035e-05
1.808827580840540819e-05
1.799381291978519314e-05
1.789935003116495098e-05
1.780488714254470882e-05
1.771042425392446666e-05
1.761596136530422450e-05
1.752149847668398573e-05
1.742703558806374357e-05
1.733257269944350141e-05
1.723810981082325925e-05
1.714364692220301709e-05
1.704918403358277493e-05
1.695472114496253277e-05
1.686025825634229400e-05
1.676579536772205184e-05
1.667133247910180968e-05
1.657686959048156752e-05
1.648240670186132536e-05
1.638794381324108320e-05
1.629348092462084104e-05
1.619901803600060227e-05
1.610455514738036011e-05
1.600786380030072852e-05
1.591052548141030272e-05
1.581318716251988032e-05
1.571584884362945791e-05
1.561851052473903551e-05
1.552117220584860971e-05
1.542383388695818731e-05
1.532649556806776490e-05
1.522915724917734250e-05
1.513181893028691840e-05
1.503448061139652310e-05
1.493714229250610069e-05
1.483980397361567660e-05
1.474246565472525419e-05
1.464512733583483178e-05
1.454778901694440769e-05
1.445045069805398528e-05
1.435311237916356118e-05
1.425577406027313878e-05
1.415843574138271468e-05
1.406109742249229227e-05
1.396375910360186817e-05
1.386642078471144577e-05
1.376908246582102336e-05
1.367174414693059926e-05
1.357855372011786267e-05
1.348648256577053373e-05
1.339441141142320479e-05
1.330234025707587585e-05
1.321026910272854692e-05
1.311819794838121798e-05
1.302612679403388904e-05
1.293405563968656010e-05
1.284198448533922947e-05
1.274991333099190053e-05
1.265784217664457160e-05
1.256577102229724266e-05
1.247369986794991372e-05
1.238162871360258478e-05
1.228955755925525585e-05
1.219748640490792691e-05
1.210541525056059797e-05
1.201334409621329444e-05
1.192127294186596551e-05
1.182920178751863657e-05
1.173713063317130763e-05
1.164505947882397869e-05
1.155298832447664976e-05
1.146091717012932082e-05
1.136884601578199188e-05
1.127968648585594180e-05
1.119125486203521355e-05
1.110282323821448530e-05
1.101439161439375705e-05
1.092595999057302711e-05
1.083752836675229886e-05
1.074909674293157061e-05
1.066066511911084236e-05
1.057223349529011242e-05
1.048380187146938417e-05
1.039537024764865592e-05
1.030693862382792767e-05
1.021850700000719773e-05
1.013007537618646948e-05
1.004164375236574123e-05
9.953212128545012977e-06
9.864780504724283034e-06
9.776348880903554784e-06
9.687917257082826535e-06
9.599485633262098286e-06
9.511054009441368342e-06
9.422622385620640093e-06
9.334190761799911843e-06
9.245759137979207311e-06
9.157327514158479062e-06
9.080377483623446822e-06
9.006077051538965289e-06
8.931776619454482062e-06
8.857476187369998834e-06
8.783175755285515607e-06
8.708875323201034074e-06
8.634574891116550847e-06
8.560274459032067619e-06
8.485974026947586086e-06
8.411673594863102859e-06
8.337373162778619632e-06
8.263072730694136404e-06
8.188772298609654871e-06
8.114471866525171644e-06
8.040171434440688416e-06
7.965871002356205189e-06
7.891570570271723656e-06
7.817270138187240429e-06
7.742969706102757201e-06
7.668669274018273974e-06
7.594368841933792441e-06
7.520068409849309214e-06
7.445767977764825986e-06
7.371467545680343606e-06
7.297167113595861226e-06
7.229793277452189252e-06
7.163888719235356978e-06
7.097984161018523858e-06
7.032079602801691584e-06
6.966175044584859311e-06
6.900270486368044825e-06
6.834365928151212552e-06
6.768461369934379431e-06
6.702556811717547158e-06
6.636652253500714037e-06
6.570747695283881764e-06
6.504843137067049490e-06
6.438938578850216370e-06
6.373034020633384096e-06
6.307129462416550976e-06
6.241224904199718702e-06
6.175320345982885582e-06
6.109415787766053309e-06
6.043511229549221035e-06
5.977606671332387915e-06
5.911702113115555641e-06
5.845797554898722521e-06
5.779892996681890247e-06
5.713988438465057127e-06
5.648083880248224853e-06
5.593917174048474602e-06
5.542027961523682081e-06
5.490138748998889560e-06
5.438249536474097886e-06
5.386360323949305365e-06
5.334471111424512845e-06
5.282581898899720324e-06
5.230692686374927803e-06
5.178803473850135282e-06
5.126914261325342761e-06
5.075025048800550240e-06
5.023135836275772119e-06
4.971246623750979598e-06
4.919357411226187924e-06
4.867468198701394556e-06
4.815578986176602882e-06
4.763689773651810361e-06
4.711800561127017840e-06
4.659911348602225320e-06
4.608022136077432799e-06
4.556132923552640278e-06
4.504243711027847757e-06
4.452354498503055236e-06
4.400465285978262715e-06
4.348576073453470194e-06
4.304791114398792866e-06
4.262436317721197280e-06
4.220081521043600848e-06
4.177726724366004415e-06
4.135371927688407982e-06
4.093017131010811550e-06
4.050662334333215117e-06
4.008307537655618685e-06
3.965952740978022252e-06
3.923597944300425819e-06
3.881243147622829387e-06
3.838888350945233801e-06
3.796533554267636945e-06
3.754178757590040512e-06
3.711823960912444503e-06
3.669469164234848071e-06
3.627114367557251638e-06
3.584759570879655205e-06
3.542404774202071055e-06
3.500049977524474622e-06
3.457695180846878189e-06
3.415340384169281757e-06
3.372985587491685748e-06
3.330630790814089315e-06
3.288275994136492882e-06
3.254485536313059540e-06
3.222060407872176361e-06
3.189635279431293182e-06
3.157210150990409580e-06
3.124785022549526401e-06
3.092359894108643222e-06
3.059934765667760043e-06
3.027509637226876441e-06
2.995084508785993262e-06
2.962659380345110083e-06
2.930234251904226904e-06
2.897809123463343726e-06
2.865383995022460123e-06
2.832958866581576944e-06
2.800533738140693766e-06
2.768108609699810163e-06
2.735683481258926984e-06
2.703258352818043806e-06
2.670833224377160627e-06
2.638408095936277448e-06
2.605982967495393845e-06
2.573557839054510667e-06
2.541132710613627488e-06
2.508707582172743885e-06
2.476282453731870024e-06
2.449650039426034442e-06
2.423845155710921942e-06
2.398040271995809019e-06
2.372235388280696519e-06
2.346430504565584019e-06
2.320625620850471096e-06
2.294820737135358596e-06
2.269015853420246096e-06
2.243210969705133172e-06
2.217406085990020673e-06
2.191601202274908173e-06
2.165796318559795673e-06
2.139991434844682749e-06
2.114186551129570249e-06
2.088381667414457326e-06
2.062576783699344826e-06
2.036771899984232326e-06
2.010967016269119826e-06
1.985162132554006903e-06
1.959357248838894403e-06
1.933552365123781480e-06
1.907747481408668980e-06
1.881942597693556480e-06
1.856137713978443768e-06
1.830332830263331056e-06
1.809946100278907163e-06
1.790246178513866341e-06
1.770546256748825730e-06
1.750846334983784908e-06
1.731146413218744298e-06
1.711446491453703476e-06
1.691746569688668372e-06
1.672046647923627549e-06
1.652346726158586939e-06
1.632646804393546117e-06
1.612946882628505507e-06
1.593246960863464685e-06
1.573547039098424075e-06
1.553847117333383253e-06
1.534147195568342642e-06
1.514447273803301820e-06
1.494747352038260998e-06
1.475047430273220388e-06
1.455347508508179566e-06
1.435647586743138956e-06
1.415947664978098134e-06
1.396247743213057523e-06
1.376547821448016701e-06
1.356847899682975879e-06
1.337147977917935269e-06
1.313533318976965845e-06
1.289483689238670715e-06
1.265434059500375585e-06
1.241384429762080454e-06
1.217334800023785324e-06
1.193285170285489982e-06
1.169235540547194852e-06
1.145185910808899722e-06
1.121136281070604380e-06
1.097086651332309250e-06
1.073037021594014120e-06
1.048987391855718989e-06
1.024937762117430635e-06
1.000888132379135505e-06
9.768385026408401633e-07
9.527888729025450331e-07
9.287392431642499030e-07
9.046896134259546669e-07
8.806399836876595367e-07
8.565903539493643006e-07
8.325407242110691705e-07
8.084910944727739344e-07
7.844414647344788042e-07
7.603918349961835682e-07
7.363422052578884380e-07
6.988181679205558585e-07
6.600020641011213377e-07
6.211859602816869228e-07
5.823698564622524021e-07
5.435537526428178813e-07
5.047376488233834664e-07
4.659215450039489456e-07
4.271054411845144778e-07
3.882893373650800099e-07
3.494732335456454892e-07
3.106571297262110213e-07
2.718410259067765535e-07
2.330249220873420327e-07
1.942088182679076178e-07
1.553927144484730971e-07
1.165766106290386822e-07
7.776050680960416139e-08
3.894440299016964062e-08
1.282991707352257207e-10
-3.868780464868828363e-08
-7.750390846812269852e-08
-1.163200122875572193e-07
-1.551361161069917401e-07
-1.939522199264261550e-07
-2.327683237458606757e-07
-3.719975473999127803e-07
-5.193683753649039173e-07
-6.667392033298951072e-07
-8.141100312948862972e-07
-9.614808592598774871e-07
-1.108851687224868677e-06
-1.256222515189859867e-06
-1.403593343154851057e-06
-1.550964171119842247e-06
-1.698334999084833437e-06
-1.845705827049824627e-06
-1.993076655014816029e-06
-2.140447482979807007e-06
-2.287818310944798408e-06
-2.435189138909789810e-06
-2.582559966874780788e-06
-2.729930794839772190e-06
-2.877301622804763168e-06
-3.024672450769754570e-06
-3.172043278734745548e-06
-3.319414106699736950e-06
-3.466784934664727928e-06
-3.614155762629719330e-06
-3.761526590594710308e-06
-3.908897418559701286e-06
-4.477542884881584305e-06
-5.074273327094097922e-06
-5.671003769306612387e-06
-6.267734211519126851e-06
-6.864464653731641315e-06
-7.461195095944154932e-06
-8.057925538156668550e-06
-8.654655980369183014e-06
-9.251386422581697478e-06
-9.848116864794211942e-06
-1.044484730700672641e-05
-1.104157774921923918e-05
-1.163830819143175364e-05
-1.223503863364426811e-05
-1.283176907585678257e-05
-1.342849951806929703e-05
-1.402522996028181150e-05
-1.462196040249432427e-05
-1.521869084470683873e-05
-1.581542128691935489e-05
-1.641215172913186766e-05
-1.700888217134438043e-05
-1.760561261355689659e-05
-1.820234305576940936e-05
-1.879907349798192552e-05
-2.069770067058164582e-05
-2.266484872372812314e-05
-2.463199677687460384e-05
-2.659914483002108116e-05
-2.856629288316755847e-05
-3.053344093631403240e-05
-3.250058898946051310e-05
-3.446773704260643815e-05
-3.643488509575291208e-05
-3.840203314889938601e-05
-4.036918120204586671e-05
-4.233632925519234742e-05
-4.430347730833882134e-05
-4.627062536148530205e-05
-4.823777341463178275e-05
-5.020492146777825668e-05
-5.217206952092473738e-05
-5.413921757407121131e-05
-5.610636562721769201e-05
-5.807351368036417272e-05
-6.004066173351064664e-05
-6.200780978665712735e-05
-6.397495783980360127e-05
-6.594210589295007520e-05
-6.790925394609656268e-05
-7.027928712952571781e-05
-7.266501713621269253e-05
-7.505074714289968081e-05
-7.743647714958665554e-05
-7.982220715627363027e-05
-8.220793716296060500e-05
-8.459366716964757972e-05
-8.697939717633455445e-05
-8.936512718302152918e-05
-9.175085718970850391e-05
-9.413658719639547863e-05
-9.652231720308246691e-05
-9.890804720976944164e-05
-1.012937772164557387e-04
-1.036795072231427135e-04
-1.060652372298296882e-04
-1.084509672365166629e-04
-1.108366972432036377e-04
-1.132224272498906124e-04
-1.156081572565775871e-04
-1.179938872632645618e-04
-1.203796172699515366e-04
-1.227653472766385113e-04
-1.251510772833254860e-04
-1.275368072900124607e-04
-1.266547650479503352e-04
-1.256889337738684154e-04
-1.247231024997864956e-04
-1.237572712257045758e-04
-1.227914399516226831e-04
-1.218256086775407632e-04
-1.208597774034588434e-04
-1.198939461293769372e-04
-1.189281148552950173e-04
-1.179622835812131111e-04
-1.169964523071311913e-04
-1.160306210330492715e-04
-1.150647897589673652e-04
-1.140989584848854454e-04
-1.131331272108035391e-04
-1.121672959367216193e-04
-1.112014646626397130e-04
-1.102356333885577932e-04
-1.092698021144758870e-04
-1.083039708403939671e-04
-1.073381395663123319e-04
-1.063723082922304121e-04
-1.054064770181485059e-04
-1.044406457440665860e-04
-1.034748144699846662e-04
-1.023572448593519066e-04
-1.012377545102817608e-04
-1.001182641612116149e-04
-9.899877381214146907e-05
-9.787928346307130968e-05
-9.675979311400116384e-05
-9.564030276493101800e-05
-9.452081241586085861e-05
-9.340132206679071277e-05
-9.228183171772056693e-05
-9.116234136865042110e-05
-9.004285101958027526e-05
-8.892336067051011587e-05
-8.780387032143997003e-05
-8.668437997236982419e-05
-8.556488962329966480e-05
-8.444539927422951896e-05
-8.332590892515937312e-05
-8.220641857608921373e-05
-8.108692822701906789e-05
-7.996743787794892205e-05
-7.884794752887877621e-05
-7.772845717980863037e-05
-7.660896683073847098e-05
-7.548947648166832514e-05
