1.164582291145572697e+02
3.401700850425212508e+01
1.480740370185092480e+01
6.171085542771385235e+02
1.136568284142070979e+02
7.023511755877938185e+02
3.377688844422210650e+02
2.573286643321660563e+02
3.097548774387193475e+02
2.301150575287643676e+02
7.511755877938968524e+02
1.156578289144572267e+02
2.149074537268634231e+02
5.990995497748873504e+02
7.375687843921961075e+02
2.397198599299649686e+02
7.975987993996998284e+02
4.906453226613306242e+02
4.482241120560279910e+02
1.812906453226613053e+02
8.804402201100549519e+01
4.302151075537768747e+02
1.804902451225612765e+02
7.683841920960479399e+01
3.813906953476738408e+02
5.602801400700349888e+01
4.790395197598799086e+02
3.861930965482741271e+02
6.083041520760380081e+02
3.821910955477738412e+02
1.472736368184091873e+02
6.375187593796897545e+02
7.303651825912955928e+02
4.978489244622310821e+02
3.781890945472736121e+02
2.189094547273636806e+02
1.824912456228113911e+02
7.815907953976987983e+02
3.225612806403201489e+02
4.618309154577288496e+02
6.239119559779890096e+02
4.826413206603301091e+02
2.273136568284141958e+02
7.323661830915457358e+02
4.146073036518258732e+02
2.201100550275137380e+02
4.082041020510254725e+01
3.157578789394697196e+02
7.695847923961980541e+02
5.354677338669334858e+02
4.422211105552776189e+02
3.401700850425212366e+02
3.081540770385192474e+01
1.508754377188594162e+02
1.580790395197598741e+02
7.659829914957477968e+02
3.121560780390194623e+02
4.462231115557778480e+02
2.977488744372186034e+02
2.361180590295147397e+01
4.030015007503751576e+02
1.848924462231115342e+02
6.531265632816407560e+02
1.192596298149074414e+02
3.297648824412206068e+02
1.356678339169584717e+02
5.038519259629814542e+02
3.045522761380690326e+02
6.875437718859428742e+02
7.279639819909954213e+02
2.193096548274136808e+02
5.454727363681840870e+02
5.438719359679839727e+02
7.523761880940469382e+01
2.745372686343171154e+02
6.423211605802900976e+02
5.502751375687843165e+02
5.698849424712356040e+02
2.429214607303651690e+02
1.024512256128063967e+02
1.560780390195097489e+01
5.134567283641820268e+02
6.199099549774887237e+02
1.868934467233616772e+02
1.352676338169084431e+02
6.151075537768883805e+02
7.651825912956477396e+02
3.237618809404702347e+02
5.194597298649324557e+02
1.080540270135067438e+01
2.077038519259629652e+02
6.443221610805402406e+02
3.081540770385192332e+02
7.955977988994496855e+02
4.630315157578789353e+02
4.270135067533766460e+02
3.341670835417708645e+02
7.731865932966483115e+02
4.406203101550775045e+02
3.745872936468234116e+02
6.343171585792896394e+02
7.663831915957978254e+02
1.052526263131565685e+02
7.403701850925461940e+02
7.051525762881440187e+02
6.655327663831915288e+02
2.433216608304151976e+02
2.561280640320159918e+01
6.507253626813405845e+02
4.466233116558278766e+02
7.075537768884441903e+02
5.690845422711355468e+02
2.409204602301150544e+02
5.838919459729864911e+02
1.996998499249624786e+02
3.845922961480740128e+02
8.964482241120559536e+01
5.202601300650325129e+02
2.837418709354677162e+02
2.033016508254127075e+02
2.373186593296648255e+02
7.187593796898448772e+02
1.928964482241120493e+02
6.039019509754876935e+02
9.084542271135566693e+01
6.939469734867433317e+02
1.964982491245622782e+02
5.954977488744372067e+02
2.453226613306653121e+02
9.924962481240619638e+01
1.856928464232115914e+02
2.825412706353176304e+02
4.178089044522261020e+02
4.902451225612805956e+02
2.641320660330164927e+01
3.205602801400700059e+02
6.995497748874437320e+02
9.404702351175586728e+01
6.063031515757878651e+02
2.201100550275137380e+01
3.953976988494246712e+02
6.043021510755377221e+02
6.819409704852425875e+02
7.775887943971985123e+02
5.458729364682341156e+02
1.004502251125562680e+02
1.936968484242121065e+02
6.083041520760379939e+01
1.424712356178089010e+02
6.287143571785892391e+02
8.924462231115556676e+01
2.113056528264131941e+02
7.583791895947973671e+02
5.986993496748374355e+02
1.516758379189594734e+02
1.072536268134066972e+02
1.400700350175087578e+02
1.280640320160079852e+02
7.047523761880939901e+02
4.042021010505252576e+01
1.668834417208604179e+02
3.077538769384692046e+02
2.401200600300149901e+01
4.322161080540269609e+02
1.656828414207103322e+02
7.883941970985492276e+01
3.309654827413706926e+02
5.778889444722360622e+02
3.553776888444222095e+02
7.227613806903451632e+02
5.202601300650324667e+00
3.049524762381190612e+02
4.402201100550274582e+00
4.530265132566282773e+02
1.460730365182591299e+02
2.597298649324662279e+02
7.843921960980489985e+02
1.760880440220109904e+02
4.562281140570284776e+01
1.608804402201100459e+02
1.920960480240119850e+01
4.874437218609304523e+02
5.466733366683341728e+02
4.238119059529764741e+02
3.169584792396198054e+02
4.294147073536768175e+02
5.238619309654826566e+02
5.886943471735867206e+02
5.034517258629314256e+02
1.028514257128564253e+02
3.885942971485742419e+02
2.781390695347673727e+02
5.066533266633316543e+02
7.483741870935467659e+02
3.461730865432716087e+02
7.455727863931965658e+02
3.069534767383691474e+02
3.561780890445222667e+02
5.310655327663831713e+02
6.923461730865432173e+02
4.054027013506753292e+02
1.432716358179089582e+02
4.186093046523261592e+02
6.295147573786892963e+02
3.457728864432215801e+02
2.069034517258629080e+02
8.324162081040519467e+01
1.568784392196097883e+02
2.921460730365182599e+02
4.342171085542771038e+02
4.006003001500749860e+02
5.242621310655326994e+01
4.026013006503251290e+02
1.560780390195097311e+02
6.583291645822911278e+02
1.664832416208103893e+02
5.506753376688343451e+02
4.474237118559279338e+02
7.391695847923961082e+02
1.588794397198599313e+02
3.121560780390194978e+01
2.389194597298649114e+02
3.561780890445222525e+01
6.731365682841420721e+02
3.381690845422710936e+02
1.132566283141570693e+02
4.722361180590294794e+01
4.858429214607303379e+02
3.293646823411705782e+02
1.092546273136568260e+02
4.710355177588793936e+02
7.099549774887443618e+02
7.079539769884942189e+02
6.839419709854927305e+02
4.722361180590294794e+02
7.007503751875937041e+02
7.259629814907452783e+02
6.323161580790394964e+02
3.361680840420210075e+02
9.724862431215606762e+01
2.185092546273136520e+02
7.727863931965982829e+02
1.448724362181090441e+02
5.294647323661830569e+02
5.030515257628813970e+02
1.524762381190595306e+02
2.329164582291145393e+02
2.289144572286142818e+02
3.933966983491745850e+02
3.937968984492246136e+02
6.991495747873937034e+02
7.015507753876937613e+02
5.682841420710354896e+01
6.471235617808904408e+02
1.380690345172586149e+02
2.885442721360680025e+02
4.882441220610305095e+02
4.346173086543271324e+02
5.250625312656327424e+02
7.419709854927463084e+02
1.248624312156077991e+02
5.602801400700350314e+02
2.025012506253126503e+02
2.497248624312155982e+02
7.687843921960979969e+02
9.684842421210605323e+01
2.213106553276638238e+02
6.087043521760880367e+02
1.264632316158078993e+02
6.195097548774386951e+02
1.820910455227613625e+02
6.743371685842921579e+02
5.394697348674336581e+02
4.918459229614807100e+02
2.577288644322160849e+02
4.234117058529264455e+02
2.697348674337168291e+02
7.631815907953975966e+02
5.554777388694346882e+02
4.862431215607803665e+02
3.021510755377688611e+02
2.841420710355177448e+01
7.243621810905452207e+01
7.907953976988493423e+02
6.115057528764382369e+02
7.995997998999499714e+02
1.000500250125062429e+01
6.747373686843420728e+02
7.143571785892945627e+02
3.497748874437218660e+02
4.654327163581790501e+02
7.711855927963981685e+02
5.754877438719358906e+02
1.880940470235117346e+01
8.004002001000499078e+00
3.289644822411205496e+02
6.827413706853426447e+02
4.086043021510755011e+02
8.404202101050525187e+01
1.388694347173586721e+02
1.840920460230114841e+01
5.962981490745372071e+01
1.016508254127063537e+02
8.564282141070535204e+01
6.603301650825412139e+01
1.800900450225112479e+02
2.609304652326163136e+02
6.455227613806903264e+02
6.883441720860429314e+01
3.853926963481740700e+02
6.263131565782890675e+02
9.124562281140569553e+01
2.281140570285142530e+02
2.317158579289644535e+02
3.681840920460229682e+01
2.173086543271635662e+02
6.899449724862430458e+02
2.269134567283641672e+02
2.765382691345672583e+02
4.310155077538769319e+02
4.958479239619809391e+02
7.223611805902951346e+02
2.377188594297148541e+02
8.404202101050524121e+00
9.364682341170585289e+01
7.551775887943971384e+02
2.585292646323161421e+02
3.193596798399199201e+02
4.930465232616307958e+02
1.676838419209604751e+02
4.518259129564781915e+02
5.338669334667333715e+02
6.647323661830914716e+02
2.473236618309154551e+02
4.934467233616808244e+02
7.735867933966983401e+02
5.738869434717357763e+02
1.628814407203601604e+02
2.177088544272135948e+02
3.549774887443721809e+02
1.728864432216107900e+02
2.521260630315157414e+02
1.620810405202601316e+02
7.707853926963481399e+02
5.890945472736367492e+02
4.098049024512255869e+02
4.394197098549274187e+02
3.913956978489244420e+02
4.174087043521760734e+02
6.759379689844921586e+02
4.590295147573786494e+02
5.474737368684342300e+02
1.852926463231615628e+02
3.689844922461230112e+02
4.778389194597298228e+02
4.022011005502751004e+02
5.922961480740369922e+01
6.371185592796397259e+02
2.581290645322661135e+02
1.688844422211105325e+02
6.363181590795397113e+01
5.590795397698849456e+02
3.241620810405202633e+02
4.898449224612305670e+02
1.836918459229614768e+02
5.762881440720359478e+02
6.359179589794897538e+02
5.222611305652826559e+02
6.643321660830414430e+02
2.621310655327663426e+02
7.199599799899949630e+02
5.370685342671334865e+02
4.066033016508254150e+02
1.120560280140069942e+01
7.891945972986492279e+02
7.535767883941970240e+02
7.699849924962480827e+02
1.252626313156578277e+02
6.331165582791395536e+02
4.658329164582290787e+02
2.425212606303151404e+02
7.515757878939468810e+02
3.373686843421710364e+02
6.539269634817408132e+02
1.744872436218109044e+02
1.816908454227113339e+02
2.145072536268133945e+02
7.715857928964481971e+02
6.983491745872936463e+02
1.440720360180089870e+02
3.701850925462730970e+02
4.318159079539769891e+02
3.961980990495247283e+02
2.933466733366682888e+02
4.838419209604801949e+02
2.029014507253626789e+02
3.837918959479739556e+02
2.633316658329164284e+02
7.139569784892445341e+02
1.444722361180590156e+02
9.284642321160579570e+01
2.349174587293646539e+02
1.584792396198099027e+02
6.859429714857428735e+02
2.481240620310154910e+01
5.814907453726863196e+02
1.100550275137568690e+02
6.123061530765381804e+02
6.883441720860429314e+02
7.299649824912455642e+02
6.715357678839419577e+02
1.496748374187093589e+02
7.087543771885942760e+02
5.402701350675337011e+01
3.389694847423711508e+02
2.305152576288143962e+02
5.910955477738868922e+02
1.908954477238619063e+02
5.806903451725862624e+02
7.367683841920960504e+02
5.302651325662831141e+02
7.923961980990494567e+02
5.662831415707853466e+02
6.351175587793896966e+02
2.505252626313156554e+02
7.343671835917958788e+02
7.903951975987993137e+02
1.624812406203101318e+02
3.941970985492745854e+02
4.034017008504251862e+02
4.686343171585792788e+02
7.647823911955977110e+02
7.203601800900449348e+01
6.683341670835417858e+01
1.280640320160079959e+01
4.742371185592796223e+02
4.594297148574286780e+02
5.614807403701850035e+02
3.769884942471235263e+02
4.842421210605302235e+02
7.383691845922960511e+02
4.374187093546773326e+02
5.422711355677838583e+02
3.901950975487743563e+02
5.830915457728864340e+02
6.723361680840420149e+02
6.579289644822410992e+02
5.114557278639319406e+02
5.998999499749874076e+02
3.485742871435717802e+02
2.685342671335667433e+02
6.519259629814906702e+02
4.706353176588293650e+02
3.481740870435217516e+01
1.480740370185092445e+02
4.734367183591795651e+02
3.329664832416207787e+02
5.162581290645322269e+02
6.723361680840419297e+01
6.139069534767382947e+02
7.127563781890944483e+02
6.483241620810405266e+02
5.314657328664331999e+02
1.320660330165082463e+01
2.065032516258128794e+02
5.742871435717858049e+02
6.411205602801400119e+02
3.605802901450725244e+02
7.267633816908453355e+02
4.910455227613806528e+02
5.366683341670834579e+02
4.850425212606302807e+02
6.475237618809404694e+02
3.073536768384191760e+02
4.830415207603801377e+02
4.162081040520259876e+02
1.088544272136067974e+02
5.718859429714857470e+02
3.337668834417208359e+02
2.537268634317158558e+02
6.663331665832915860e+02
3.481740870435217516e+02
5.230615307653827131e+02
1.364682341170585289e+02
5.130565282641319982e+02
2.297148574287143390e+02
8.364182091045522327e+01
2.629314657328663998e+02
6.779389694847423016e+02
4.326163081540769895e+02
2.557278639319659703e+02
3.825912956478238698e+02
2.793396698349174585e+02
1.220610305152576274e+02
1.404702351175587580e+02
3.057528764382191184e+02
2.181090545272636234e+02
3.713856928464231828e+02
3.061530765382690902e+02
4.514257128564281629e+02
1.328664332166083000e+02
1.924962481240620207e+02
4.602301150575287352e+02
4.202101050525262167e+02
7.723861930965482259e+01
1.960980490245122354e+01
6.163081540770384663e+02
4.486243121560780196e+02
1.040520260130064933e+01
3.777888944472235835e+02
4.678339169584792216e+02
4.534267133566783059e+02
7.123561780890445334e+02
5.350675337668834572e+02
5.782891445722860908e+02
4.414207103551775617e+02
3.697848924462230684e+02
1.408704352176087866e+02
1.736868434217108472e+02
4.010005002501250146e+02
3.809904952476238122e+02
4.946473236618309102e+02
7.611805902951475673e+02
5.602801400700349710e+00
5.442721360680339870e+01
1.724862431215607614e+02
9.604802401200599604e+01
6.659329664832415574e+02
5.202601300650324845e+01
8.084042021010505152e+01
1.468734367183591587e+02
1.124562281140570263e+02
4.214107053526763025e+02
2.689344672336167719e+02
3.889944972486242705e+02
3.041520760380189969e+01
2.345172586293146537e+02
1.920960480240119921e+02
1.076538269134567258e+02
2.953476738369184318e+02
3.149574787393696624e+02
5.386693346673336009e+02
5.870935467733866062e+02
3.993996998499249571e+02
5.862931465732866627e+02
2.709354677338669148e+02
5.694847423711855754e+02
4.738369184592295937e+02
7.827913956978488841e+02
1.792896448224111907e+02
6.575287643821910706e+02
6.563281640820409848e+02
6.483241620810404982e+01
6.847423711855927877e+02
6.203101550775387096e+01
4.194097048524261595e+02
7.191595797898949058e+02
4.306153076538269033e+02
5.062531265632816257e+02
2.165082541270635090e+02
2.813406703351675446e+02
7.943971985992995997e+02
7.163581790895447057e+02
4.954477238619309105e+02
3.749874937468734402e+02
5.322661330665332571e+02
5.154577288644321698e+02
7.459729864932465944e+02
7.011505752876437327e+02
7.935967983991995425e+02
4.566283141570785347e+02
1.500750375187593590e+02
7.831915957978989127e+02
4.702351175587793364e+02
3.321660830415207215e+02
7.951975987993996569e+02
5.670835417708854038e+02
4.714357178589294222e+02
1.992996498249124500e+02
4.762381190595297653e+01
7.643821910955476824e+02
2.985492746373186606e+02
3.433716858429214653e+02
6.179089544772385807e+02
4.730365182591295365e+02
5.446723361680840299e+02
5.642821410705352037e+01
6.419209604802400690e+02
6.491245622811405838e+02
4.670335167583791645e+02
3.441720860430214657e+01
6.591295647823911850e+02
5.630815407703851179e+02
7.971985992996497998e+02
2.105052526263131369e+02
3.201600800400199898e+00
3.093546773386693189e+02
5.082541270635317119e+02
4.002001000500249539e+00
7.607803901950975387e+02
1.276638319159579709e+02
6.019009504752375506e+02
2.865432716358179164e+02
5.926963481740870066e+02
7.055527763881940473e+02
7.363681840920459365e+01
3.873936968484242129e+02
3.233616808404202061e+02
3.593796898449224386e+02
3.409704852426212938e+02
3.917958979489744706e+02
3.369684842421210647e+02
5.498749374687342879e+02
7.307653826913456214e+02
6.851425712856428163e+02
0.000000000000000000e+00
1.376688344172085863e+02
3.017508754377188325e+02
2.057028514257128506e+02
1.332666333166583286e+02
6.027013506753376078e+02
3.797898949474737265e+02
8.764382191095546659e+01
6.595297648824412136e+02
7.095547773886943332e+02
7.879939969984992558e+02
6.515257628814406416e+02
5.974987493746873497e+02
2.161080540270134875e+01
3.673836918459229537e+02
5.110555277638819121e+02
7.507753876938468238e+02
4.806403201600800230e+02
5.142571285642820840e+02
4.210105052526262739e+02
7.811905952976487697e+02
1.204602301150575272e+02
4.922461230615307386e+02
7.767883941970984552e+02
6.247123561780889531e+02
3.533766883441720665e+02
3.321660830415207499e+01
7.443721860930464800e+02
8.644322161080539502e+01
4.926463231615807672e+02
3.161580790395197482e+01
5.802901450725362054e+01
9.204602301150574206e+00
2.109054527263631655e+02
3.361680840420209648e+01
7.603801900950475101e+01
7.283641820910455067e+01
4.490245122561280482e+02
1.636818409204602176e+02
3.429714857428714367e+02
6.163081540770384947e+01
6.479239619809904980e+02
2.361180590295147397e+02
8.004002001000499744e-01
7.107553776888444190e+02
1.788894447223611621e+02
1.180590295147573698e+02
7.479739869934967373e+02
1.632816408204101890e+02
4.002001000500249872e-01
7.067533766883441331e+02
1.800900450225112337e+01
2.045022511255627649e+02
4.558279139569784775e+02
4.278139069534767032e+02
4.842421210605302662e+01
5.946973486743371495e+02
4.362181090545272610e+01
1.260630315157578707e+02
6.915457728864431601e+02
7.603801900950475101e+02
6.955477738869434461e+02
4.182091045522761306e+02
2.265132566283141387e+02
5.298649324662330855e+02
6.067033516758378937e+02
6.219109554777388666e+02
4.114057028514257013e+02
1.224612306153076418e+02
3.989994997498749285e+02
5.086543271635817405e+02
2.937468734367183174e+02
7.171585792896447629e+02
5.930965482741370352e+02
1.564782391195597597e+02
2.921460730365182457e+01
7.355677838919459646e+02
2.737368684342171150e+02
4.502251125562781340e+02
4.102051025512756155e+02
1.672836418209104465e+02
1.760880440220109833e+01
5.970985492746373211e+02
5.058529264632315972e+02
2.013006503251625645e+02
3.801900950475237551e+01
6.735367683841921007e+02
3.581790895447723528e+02
4.314157078539269605e+02
1.240620310155077419e+02
8.724362181090545221e+01
2.001000500250125071e+02
4.690345172586293074e+02
6.159079539769884377e+02
5.450725362681340584e+02
7.519759879939969096e+02
4.282141070535267602e+01
2.773386693346673155e+02
4.970485242621310249e+02
4.298149074537268461e+02
2.761380690345172297e+02
5.710855427713856898e+02
5.406703351675837439e+02
6.323161580790394964e+01
7.331665832916457930e+02
5.274637318659329139e+02
9.044522261130565255e+01
3.217608804402200917e+02
6.023011505752875792e+02
3.269634817408704066e+02
3.677838919459729823e+02
7.531765882941469954e+02
6.511255627813906131e+02
2.445222611305652549e+02
7.043521760880439331e+01
1.764882441220610190e+02
1.080540270135067402e+02
6.131065532766382375e+02
7.351675837918959360e+02
1.452726363181590727e+02
1.168584292146072983e+02
2.553276638319159417e+02
2.989494747373686891e+02
4.682341170585292645e+01
5.490745372686342307e+02
1.020510255127563681e+02
2.957478739369684604e+02
3.965982991495747569e+02
6.815407703851925589e+02
2.809404702351175160e+02
3.529764882441220379e+02
1.064532266133066400e+02
5.050525262631315400e+02
2.705352676338168862e+02
4.666333166583291359e+02
4.798399199599799658e+02
1.120560280140069978e+02
5.426713356678338869e+02
1.840920460230115054e+02
5.526763381690844881e+02
3.661830915457728679e+02
3.577788894447223242e+02
3.877938969484741847e+02
4.410205102551275331e+02
7.743871935967983973e+02
6.283141570785392105e+02
1.476738369184592159e+02
3.741870935467733830e+02
7.403701850925462224e+01
3.773886943471735549e+02
6.831415707853926733e+02
5.210605302651325701e+02
4.130065032516257588e+02
3.165582791395697768e+02
3.881940970485242559e+01
2.873436718359179167e+02
2.733366683341670864e+02
4.746373186593296509e+02
2.961480740370184890e+02
2.845422711355677734e+02
2.521260630315157414e+01
2.641320660330164856e+02
1.232616308154076989e+02
2.401200600300149972e+02
1.916958479239619635e+02
5.962981490745372639e+02
2.721360680340169935e+01
3.705852926463231256e+02
2.757378689344672011e+02
3.437718859429714371e+02
2.661330665332666285e+02
2.461230615307653693e+02
1.548774387193596738e+02
2.713356678339169434e+02
5.578789394697348598e+02
7.947973986993496283e+02
4.042021010505252434e+02
1.988994497248624214e+02
6.835417708854427019e+02
3.493746873436718374e+02
5.598799399699850028e+02
5.482741370685342019e+01
7.487743871935967945e+02
4.546273136568283917e+02
1.312656328164081856e+02
5.518759379689844309e+02
6.235117558779389810e+02
4.190095047523761878e+02
1.880940470235117346e+02
3.277638819409704638e+02
4.362181090545272468e+02
7.271635817908953641e+02
6.003001500750374362e+02
7.287643821910954784e+02
4.286143071535767604e+02
1.104552276138068976e+02
1.284642321160580138e+02
6.751375687843921014e+02
4.046023011505752720e+02
7.967983991995997712e+02
4.458229114557278194e+02
3.473736868434216944e+02
6.203101550775387523e+02
2.501250625312656268e+02
1.968984492246123068e+02
7.723861930965482543e+02
7.863931965982991414e+02
5.094547273636817977e+02
3.709854927463731542e+02
2.821410705352676018e+02
4.574287143571785350e+02
5.462731365682841442e+02
1.464732366183091585e+02
6.891445722861429886e+02
1.712856428214107041e+02
2.005002501250625073e+02
3.161580790395197482e+02
6.727363681840920435e+02
5.278639319659829425e+02
5.282641320660329853e+01
4.962481240620309677e+02
3.025512756378188897e+02
1.256628314157078421e+02
3.261630815407703494e+02
3.801900950475237551e+02
2.117058529264632227e+02
6.251125562781389817e+02
7.527763881940969668e+02
1.112556278139069406e+02
3.113556778389194619e+02
5.046523261630815114e+02
1.008504252126062966e+02
4.802401200600299624e+00
2.261130565282641101e+02
5.358679339669835144e+02
2.293146573286643104e+02
7.919959979989994281e+02
7.635817908954476252e+02
4.550275137568784203e+02
7.875937968984492272e+02
3.657828914457228393e+02
7.003501750875436755e+02
1.336668334167083572e+02
1.368684342171085575e+02
6.183091545772886093e+02
3.601800900450224940e+00
4.094047023511755583e+02
1.696848424212105897e+02
6.447223611805902692e+02
1.292646323161580710e+02
7.255627813906952497e+02
9.884942471235616779e+01
3.385692846423211222e+02
3.085542771385692618e+02
4.626313156578289068e+02
2.753376688344171725e+02
9.604802401200599249e+00
7.247623811905953062e+02
6.719359679839919863e+02
4.426213106553276475e+02
6.871435717858929593e+02
5.874937468734366348e+02
1.012506253126563251e+02
4.154077038519259304e+02
1.296648324162080996e+02
6.855427713856928449e+02
3.489744872436218088e+02
3.569784892446222671e+02
2.801400700350175157e+02
2.241120560280139955e+02
2.897448724362180883e+02
1.488744372186093017e+02
1.640820410205102462e+02
6.947473736868433889e+02
6.975487743871935891e+02
3.029514757378689183e+02
5.378689344672335437e+02
5.626813406703350893e+02
3.453726863431715515e+02
6.279139569784891819e+02
1.952976488244121924e+02
2.541270635317658559e+02
5.678839419709854610e+02
6.467233616808404122e+02
6.895447723861930172e+02
2.929464732366183171e+02
4.642321160580289643e+02
7.183591795897948487e+02
1.060530265132566257e+02
6.979489744872436177e+02
5.342671335667834001e+02
7.159579789894946771e+02
3.929964982491245564e+02
6.999499749874936469e+02
2.209104552276137952e+02
5.026513256628313684e+02
7.323661830915457926e+01
3.345672836418208931e+02
1.372686343171585577e+02
5.826913456728364054e+02
6.055027513756878079e+02
2.625312656328163712e+02
6.807403701850925017e+02
4.602301150575287636e+01
7.503751875937967952e+02
6.099049524762381225e+02
3.245622811405702919e+02
6.003001500750374930e+01
5.254627313656827710e+02
6.803401700850424731e+02
9.804902451225612481e+01
3.597798899449724672e+02
6.387193596798398403e+02
7.291645822911455070e+02
6.791395697848923874e+02
3.545772886443221523e+02
7.627813906953476817e+02
5.362681340670334862e+01
3.641820910455227249e+02
1.428714357178589296e+02
2.833416708354176876e+02
4.822411205602801374e+02
7.803901950975486557e+01
2.385192596298148828e+02
7.071535767883941617e+02
3.189594797398698915e+02
6.907453726863431029e+02
2.133066533266633087e+02
4.638319159579789357e+02
5.818909454727363482e+02
2.853426713356678306e+02
2.949474737368684032e+02
4.522261130565282201e+02
1.544772386193096452e+02
2.249124562281140527e+02
5.634817408704351465e+02
7.387693846923460796e+02
1.308654327163581570e+02
2.465232616308153979e+02
4.634317158579289071e+02
2.941470735367683460e+02
3.009504752376187753e+02
5.682841420710354896e+02
3.117558779389694905e+02
2.909454727363681741e+02
1.440720360180089976e+01
7.939969984992495711e+02
5.638819409704851751e+02
1.892946473236618203e+02
7.555777888944471670e+02
4.846423211605802521e+02
2.229114557278639097e+02
5.442721360680340013e+02
2.761380690345172439e+01
3.505752876438218664e+02
1.032516258129064397e+02
2.881440720360179739e+02
5.722861430715357756e+02
2.545272636318158845e+02
6.435217608804401834e+02
1.956978489244622210e+02
7.027513756878438471e+02
5.042521260630314828e+02
9.484742371185592447e+01
3.449724862431215229e+02
1.040520260130064969e+02
6.335167583791895822e+02
2.913456728364182027e+02
4.818409204602301088e+02
7.667833916958478540e+02
5.074537268634317115e+02
5.054527263631815686e+02
4.962481240620309819e+01
4.562281140570285061e+02
3.521760880440219665e+01
2.489244622311155410e+02
7.547773886943471098e+02
1.228614307153576704e+02
5.834917458729364625e+02
5.530765382691345167e+02
2.321160580290144821e+02
3.145572786393196338e+02
2.841420710355177448e+02
1.556778389194597310e+02
7.575787893946973099e+02
1.304652326163081568e+02
3.357678839419709789e+02
1.932966483241620779e+02
6.015007503751875220e+02
6.403201600800399795e+00
6.923461730865432173e+01
6.439219609804902120e+02
7.359679839919959932e+02
2.749374687343671440e+02
2.785392696348174013e+02
3.725862931465732686e+02
4.922461230615307670e+01
4.334167083541770467e+02
4.038019009504752148e+02
7.847923961980990271e+02
4.222111055527763597e+02
2.893446723361680597e+02
6.523261630815406988e+02
1.748874437218609330e+02
5.846923461730865483e+02
6.863431715857929021e+02
4.526263131565782487e+02
6.811405702851425303e+02
3.537768884442220951e+02
4.218109054527263311e+02
5.206603301650825415e+02
7.031515757878938757e+02
3.181590795397698912e+02
4.974487243621810535e+02
1.512756378189094448e+02
3.601800900450224674e+01
5.106553276638318835e+02
4.986493246623311393e+02
6.699349674837418434e+02
5.858929464732366341e+02
4.622311155577788782e+02
1.048524262131065399e+02
4.606303151575787638e+02
8.884442221110555238e+01
5.726863431715858042e+02
7.083541770885442190e+01
1.980990495247623642e+02
6.763381690845422156e+01
7.691845922961480255e+02
1.648824412206103034e+02
4.322161080540269751e+01
2.121060530265132371e+01
7.499749874937468803e+02
1.532766383191595594e+02
7.115557778889444762e+02
6.803401700850424838e+00
5.950975487743871781e+02
6.887443721860929600e+02
6.487243621810905552e+02
6.675337668834416718e+02
7.411705852926462512e+02
7.063531765882941045e+02
6.543271635817908418e+02
5.078539269634816833e+02
1.680840420210104824e+01
6.231115557778889524e+02
3.645822911455727535e+02
5.334667333666833429e+02
4.886443221610804812e+02
6.523261630815407841e+01
2.237118559279639669e+02
7.371685842921460790e+02
1.944972486243121352e+02
2.041020510255127363e+02
7.787893946973485981e+02
3.517758879439719522e+02
1.360680340170085003e+02
6.959479739869934747e+02
1.864932466233116486e+02
6.707353676838419005e+02
1.456728364182091013e+02
7.883941970985491707e+02
7.623811905952976531e+02
4.266133066533266174e+02
6.763381690845421872e+02
3.201600800400199773e+02
6.243121560780389956e+01
3.185592796398198630e+02
3.033516758379189469e+02
6.695347673836918148e+02
4.446223111555777336e+02
4.750375187593796795e+02
4.810405202601300516e+02
3.833916958479239270e+02
3.829914957478738984e+02
5.234617308654326280e+02
7.103551775887943904e+02
5.902951475737868350e+02
2.673336668334167143e+02
3.857928964482240985e+02
5.674837418709354324e+02
3.973986993496748141e+02
7.059529764882440759e+02
4.586293146573286208e+02
6.651325662831415002e+02
4.242121060530264742e+01
2.009004502251125359e+02
5.734867433716858613e+02
5.510755377688843737e+02
2.225112556278138811e+02
7.235617808904452204e+02
3.513756878439219236e+02
7.211605802901450488e+02
7.243621810905452776e+02
6.091045522761380653e+02
7.295647823911955356e+02
1.492746373186593303e+02
5.282641320660329711e+02
6.307153576788393821e+02
6.643321660830414999e+01
5.758879439719859192e+02
6.627313656828413286e+02
7.911955977988993709e+02
6.103051525762881511e+02
6.043021510755377079e+01
7.739869934967483687e+02
1.572786393196598169e+02
7.595797898949474529e+02
7.683841920960479683e+02
5.162581290645321985e+01
2.881440720360179952e+01
1.596798399199599601e+02
2.741370685342671436e+02
4.366183091545772754e+02
3.469734867433716659e+02
3.977988994497248427e+02
4.226113056528263883e+02
4.510255127563781343e+02
5.158579289644821984e+02
7.195597798899449344e+02
7.363681840920460218e+02
1.084542271135567688e+02
5.798899449724862052e+02
3.525762881440720093e+02
2.917458729364682313e+02
2.053026513256628220e+02
2.645322661330665142e+02
5.594797398699349742e+02
3.353676838419209503e+02
2.997498749374686895e+02
5.146573286643321126e+02
7.283641820910454499e+02
7.207603801900950202e+02
4.170085042521260448e+02
5.622811405702850607e+02
2.889444722361180311e+02
5.118559279639819692e+02
3.997998999499749857e+02
2.657328664332165999e+02
2.605302651325662850e+02
7.203601800900449881e+00
9.444722361180589587e+01
6.987493746873436749e+02
6.051025512756377793e+02
6.319159579789894678e+02
3.969984992496247855e+02
5.586793396698349170e+02
5.958979489744872353e+02
2.041020510255127363e+01
4.786393196598298800e+02
7.523761880940469382e+02
6.671335667833916432e+02
5.866933466733365776e+02
4.442221110555277619e+02
3.613806903451725816e+02
5.850925462731365769e+02
6.283141570785392105e+01
1.340670335167583573e+02
5.546773386693346310e+02
1.384692346173086435e+02
7.895947973986992565e+02
1.644822411205602748e+02
2.337168584292145965e+02
3.693846923461730398e+02
6.003001500750374753e+00
6.571285642821410420e+02
5.562781390695347028e+01
3.365682841420710361e+02
2.485242621310655124e+02
4.598299149574787066e+02
1.272636318159079423e+02
6.547273636818408704e+02
2.637318659329664570e+02
2.565282641320659991e+02
7.175587793896947915e+02
4.834417208604301663e+02
7.987993996998499142e+02
5.994997498749373790e+02
9.844922461230615340e+01
8.124062031015506591e+01
5.822911455727863768e+02
4.198099049524761881e+02
8.484242121060529485e+01
5.326663331665832857e+02
6.903451725862930743e+02
4.274137068534266746e+02
9.644822411205602464e+01
3.921960980490244992e+02
6.059029514757378365e+02
9.324662331165582430e+01
5.514757378689344023e+02
4.766383191595797371e+02
4.870435217608804237e+02
6.683341670835417290e+02
4.538269134567283345e+02
1.316658329164582142e+02
4.262131065532765888e+02
6.919459729864931887e+02
5.018509254627313112e+02
6.363181590795397824e+02
6.291145572786392677e+02
3.765882941470734977e+02
2.365182591295647683e+02
4.002001000500250143e+02
2.717358679339669720e+02
6.667333666833416146e+02
4.402201100550274759e+02
7.263631815907953069e+02
4.118059029514757299e+02
3.325662831415707501e+02
4.018009004502250718e+02
1.640820410205102320e+01
5.642821410705352037e+02
1.360680340170084968e+01
3.621810905452726388e+02
4.438219109554777333e+02
3.501750875437718378e+02
5.042521260630314828e+01
5.070535267633816829e+02
1.200600300150074951e+01
5.538769384692345739e+02
3.629814907453726391e+02
7.475737868934467087e+02
7.151575787893946199e+02
8.000000000000000000e+02
7.959979989994997140e+02
6.911455727863931315e+02
3.273636818409204352e+02
1.300650325162581282e+02
5.414707353676838011e+02
1.096548274137068404e+02
2.649324662331165428e+02
6.259129564782390389e+02
6.623311655827913000e+02
5.434717358679339441e+02
6.347173586793396680e+02
7.339669834917458502e+02
4.814407203601800802e+02
4.402201100550274759e+01
9.004502251125562395e+01
7.719859929964982257e+02
6.047023511755877507e+02
1.976988494247123356e+02
5.730865432716358328e+02
3.001500750375187465e+01
6.823411705852926161e+02
1.208604302151075416e+02
5.362681340670334293e+02
4.990495247623811679e+02
4.110055027513756727e+02
3.681840920460230109e+02
6.211105552776388095e+02
2.129064532266132801e+02
2.973486743371685748e+02
3.761880940470234691e+01
2.925462731365682885e+02
1.344672336168083859e+02
3.197598799399699487e+02
4.522261130565282627e+01
2.257128564282140815e+02
3.249624812406202636e+02
5.374687343671835151e+02
6.339169584792396108e+02
3.349674837418709217e+02
2.513256628314156842e+02
2.141070535267633659e+02
2.477238619309654553e+02
6.739369684842421293e+02
4.942471235617808816e+02
4.202101050525262593e+01
5.914957478739369208e+02
5.178589294647323413e+02
2.281140570285142388e+01
2.321160580290144893e+01
2.529264632316157986e+02
7.871935967983991986e+02
9.204602301150575272e+01
5.686843421710855182e+02
5.346673336668334287e+02
2.805402701350675443e+02
7.759879939969983980e+02
4.662331165582791073e+02
1.752876438219109332e+02
6.303151575787893535e+02
6.227113556778389238e+02
7.091545772886443046e+02
1.540770385192596166e+02
1.776888444222111048e+02
2.677338669334667429e+02
3.105552776388194047e+02
7.543771885942970812e+02
7.003501750875437892e+01
4.578289144572285636e+02
7.163581790895447909e+01
3.305652826413206640e+02
1.420710355177588724e+02
4.138069034517258160e+02
6.943471735867933603e+02
2.493246623311655696e+02
7.147573786893445913e+02
6.415207603801900405e+02
3.133566783391695481e+02
3.753876938469234119e+02
2.221110555277638809e+02
5.150575287643821412e+02
6.783391695847923302e+02
2.601300650325162422e+01
4.090045022511255297e+02
6.223111555777888952e+02
1.960980490245122496e+02
5.922961480740369780e+02
2.441220610305152547e+02
3.209604802401200345e+02
1.896948474237118489e+02
5.938969484742370923e+02
4.758379189594797367e+02
7.855927963981990843e+02
2.549274637318659131e+02
3.733866933466733258e+02
6.123061530765382088e+01
4.378189094547273612e+02
7.319659829914957072e+02
3.729864932466232972e+02
5.714857428714357184e+02
7.315657828914456786e+02
7.451725862931465372e+02
9.764882441220609621e+01
3.949974987493746426e+02
2.049024512256127935e+02
3.445722861430714943e+02
2.125062531265632799e+02
3.173586793396698340e+02
6.011005502751374934e+02
5.562781390695347454e+02
6.843421710855427591e+02
1.196598299149574700e+02
7.039519759879939329e+02
7.407703851925962226e+02
3.589794897448724100e+02
7.203601800900449916e+02
2.457228614307153407e+02
6.191095547773886665e+02
7.983991995997998856e+02
1.324662331165582714e+02
4.370185092546273040e+02
5.246623311655827138e+02
5.522761380690344879e+01
6.963481740870435033e+02
5.262631315657828281e+02
7.591795897948974243e+02
4.506253126563281626e+02
2.333166583291645679e+02
1.400700350175087472e+01
7.439719859929964514e+02
5.174587293646823127e+02
8.524262131065532344e+01
1.972986493246623070e+02
5.654827413706852894e+02
6.499249624812405273e+02
1.904952476238119061e+02
4.478239119559779624e+02
4.866433216608303951e+02
7.923961980990495135e+01
6.599299649824912422e+02
5.242621310655326852e+02
1.172586293146573269e+02
6.147073536768383519e+02
4.058029014507253578e+02
7.443721860930465084e+01
6.703351675837918719e+02
7.751875937968984545e+02
2.197098549274637094e+02
2.905452726363181455e+02
6.031015507753876363e+02
1.796898449224612193e+02
7.887943971985991993e+02
6.379189594797397831e+02
2.693346673336668005e+02
2.517258629314657128e+02
8.804402201100549163e+00
3.125562781390694909e+02
6.611305652826413279e+02
7.963981990995496574e+01
1.416708354177088438e+02
1.660830415207603608e+02
1.536768384192095880e+02
2.721360680340170006e+02
5.486743371685842021e+02
2.789394697348674299e+02
4.470235117558779052e+02
5.786893446723361194e+02
7.671835917958978825e+02
1.184592296148073984e+02
3.869934967483741843e+02
1.684842421210605323e+02
6.463231615807903836e+02
1.612806403201600745e+02
3.573786893446722956e+02
2.313156578289144534e+02
6.559279639819909562e+02
4.442221110555277619e+01
9.164582291145572412e+01
6.267133566783390961e+02
2.569284642321160277e+02
1.780890445222611334e+02
2.877438719359679453e+02
3.961980990495247568e+01
1.288644322161080424e+02
3.417708854427213510e+02
1.436718359179589584e+02
7.763881940970484266e+02
8.844422211105552378e+01
5.122561280640319410e+02
4.078039019509754439e+02
3.665832916458228965e+02
7.327663831915957644e+02
3.053526763381690898e+02
6.587293646823411564e+02
2.205102551275637666e+02
1.600800400200099949e+00
4.074037018509254153e+02
3.285642821410705210e+02
6.127063531765882090e+02
1.652826413206603320e+02
5.766883441720859764e+02
2.369184592296147969e+02
7.427713856928463656e+02
4.794397198599299372e+02
7.807903951975987411e+02
2.729364682341170578e+02
4.650325162581290215e+02
4.126063031515757871e+02
2.157078539269634803e+02
7.899949974987492851e+02
2.097048524262130798e+02
1.396698349174587293e+02
4.890445222611305098e+02
4.290145072536267890e+02
3.281640820410204640e+01
7.435717858929464228e+02
8.684342171085542361e+01
7.275637818909453927e+02
5.402701350675337153e+02
1.236618309154577275e+02
6.071035517758879223e+02
5.126563281640819696e+02
2.085042521260630224e+02
2.061030515257628792e+02
7.755877938969483694e+02
4.582291145572785922e+02
7.563781890945472242e+02
1.200600300150074986e+02
7.347673836918459074e+02
6.007003501750874648e+02
3.413706853426713224e+02
2.769384692346172869e+02
2.309154577288644248e+02
1.116558279139569692e+02
2.325162581290645107e+02
7.239619809904952490e+02
1.152576288144071981e+02
4.802401200600299802e+01
1.036518259129564683e+02
6.711355677838919291e+02
4.398199099549774473e+02
7.835917958979489413e+02
4.390195097548773902e+02
4.878439219609804809e+02
7.859929964982491128e+02
5.482741370685342872e+02
6.555277638819409276e+02
3.041520760380190040e+02
3.313656828414206643e+02
6.799399699849924446e+02
6.383191595797898117e+02
1.240620310155077455e+01
5.582791395697848884e+02
2.725362681340670292e+02
4.142071035517758446e+02
5.198599299649824843e+02
4.966483241620809963e+02
2.869434717358678881e+02
2.245122561280640241e+02
3.633816908454226677e+02
8.004002001000499433e+01
6.935467733866933031e+02
6.367183591795898110e+02
2.801400700350174855e+00
2.681340670335167147e+02
4.358179089544772182e+02
5.534767383691845453e+02
1.212606303151575702e+02
5.410705352676337725e+02
7.703851925962981113e+02
1.900950475237618775e+02
5.010505252626313109e+02
1.772886443221610762e+02
7.463731865932966230e+02
4.418209104552275903e+02
2.405202601300650258e+02
7.447723861930965086e+02
6.775387693846922730e+02
5.318659329664832285e+02
5.186593296648323985e+02
5.102551275637818549e+02
7.603801900950474923e+00
6.355177588794397252e+02
9.524762381190595306e+01
7.771885942971484837e+02
2.401200600300149812e+00
3.521760880440219807e+02
2.081040520260129938e+02
3.421710855427713796e+02
3.585792896448223814e+02
2.017008504252125931e+02
5.650825412706352608e+02
6.311155577788894107e+02
5.770885442721360050e+02
6.391195597798898689e+02
5.774887443721860336e+02
5.882941470735367062e+01
5.014507253626812826e+02
5.006503251625812823e+02
1.940970485242621066e+02
5.658829414707353180e+02
4.338169084542270753e+02
3.397698849424712080e+02
3.817908954477238126e+02
1.740870435217608758e+02
1.504752376188093876e+02
1.392696348174087007e+02
6.271135567783891247e+02
5.306653326663331427e+02
6.879439719859929028e+02
3.265632816408203780e+02
2.469234617308654265e+02
4.230115057528764169e+02
3.881940970485242133e+02
6.963481740870435033e+01
7.843921960980489416e+01
6.207103551775887809e+02
5.906953476738368636e+02
1.600800400200099816e+01
7.167583791895947343e+02
7.219609804902451060e+02
7.135567783891945055e+02
5.750875437718858620e+02
3.541770885442721237e+02
3.177588794397198626e+02
7.803901950975487125e+02
4.914457228614306814e+02
7.851925962981490557e+02
3.737868934467233544e+02
7.963981990995497426e+02
2.413206603301650546e+02
6.443221610805402122e+01
3.137568784392195766e+02
3.985992996498248999e+02
6.255127563781890103e+02
5.322661330665332002e+01
7.563781890945472242e+01
1.828914457228614197e+02
2.797398699349674871e+02
4.802401200600299944e+02
3.609804902451225530e+02
3.921960980490244708e+01
4.386193096548273616e+02
3.477738869434717230e+02
3.005502751375687467e+02
2.801400700350174944e+01
7.799899949974986839e+02
1.948974487243621638e+02
9.964982491245622498e+01
6.407203601800899833e+02
7.131565782891444769e+02
5.478739369684842586e+02
6.843421710855427875e+01
6.635317658829413858e+02
7.567783891945972528e+02
7.619809904952476245e+02
4.430215107553776761e+02
3.789894947473736693e+02
5.746873436718358334e+02
1.144572286143071409e+02
4.610305152576287924e+02
3.229614807403701775e+02
5.842921460730364913e+01
2.161080540270134804e+02
4.122061030515257585e+02
3.761880940470234691e+02
2.001000500250124858e+01
4.206103051525762453e+02
2.353176588294146825e+02
5.966983491745872925e+02
3.893946973486742991e+02
6.927463731865932459e+02
7.791895947973986267e+02
4.454227113556777908e+02
4.762381190595297085e+02
8.044022011005502293e+01
4.122061030515257585e+01
7.867933966983491700e+02
3.001500750375187181e+02
5.082541270635317687e+01
3.849924962481240414e+02
5.522761380690344595e+02
6.403201600800399262e+01
3.841920960480239842e+02
8.444222111055526625e+01
2.417208604302150832e+02
5.290645322661330283e+02
7.539769884942470526e+02
5.266633316658328567e+02
3.089544772386192903e+02
6.755377688844421300e+02
4.882441220610304811e+01
4.570285142571285633e+02
6.495247623811904987e+02
7.991995997998999428e+02
6.803401700850425016e+01
6.771385692846422444e+02
2.525262631315657700e+02
7.491745872936468231e+02
4.382191095547773330e+02
1.912956478239119349e+02
4.494247123561780768e+02
4.498249124562281054e+02
3.509754877438718950e+02
2.857428714357178592e+02
3.981990995497748713e+02
6.951475737868934175e+02
1.520760380190095020e+02
3.805902951475737837e+02
1.720860430215107328e+02
3.065532766383191188e+02
6.679339669834917004e+02
1.148574287143571695e+02
4.014007003501750432e+02
1.484742371185592731e+02
4.770385192596297657e+02
2.449224612306152835e+02
6.615307653826913565e+02
5.002501250625312679e+01
6.931465732866432745e+02
4.682341170585292502e+02
2.169084542271135376e+02
2.253126563281640813e+02
1.716858429214607327e+02
1.768884442221110476e+02
2.965482741370685176e+02
6.639319659829914144e+02
7.571785892946472813e+02
5.286643321660829997e+02
7.979989994997498570e+02
6.867433716858429307e+02
5.722861430715357045e+01
5.190595297648824271e+02
7.035517758879439043e+02
5.810905452726362910e+02
3.565782891445722385e+02
1.412706353176588152e+02
8.604302151075536642e+01
1.832916458229114482e+02
4.698349174587293078e+02
7.655827913956977682e+02
4.242121060530265027e+02
6.631315657828913572e+02
3.257628814407203208e+02
6.619309654827413851e+02
3.757878939469734405e+02
1.140570285142571265e+02
2.101050525262631083e+02
1.552776388194097024e+02
5.570785392696348026e+02
3.793896948474236979e+02
5.794897448724361766e+02
1.320660330165082428e+02
2.829414707353676590e+02
3.717858929464732114e+02
6.315157578789394393e+02
7.379689844922460225e+02
1.704852426213106469e+02
2.341170585292646251e+02
3.153576788394196910e+02
5.398699349674836867e+02
5.898949474737368064e+02
1.160580290145072411e+02
2.861430715357678878e+02
6.535267633816907846e+02
3.653826913456728107e+02
4.166083041520760162e+02
5.258629314657327996e+02
3.841920960480239700e+01
4.782391195597798514e+02
6.787393696848423588e+02
2.961480740370184961e+01
1.108554277138569262e+02
5.390695347673836295e+02
3.865932966483241557e+02
4.950475237618808819e+02
6.603301650825412707e+02
1.216608304152075988e+02
3.685842921460730395e+02
2.037018509254627077e+02
2.437218609304652261e+02
7.399699849924961654e+02
1.616808404202101030e+02
5.382691345672835723e+02
2.481240620310154839e+02
5.170585292646322841e+02
6.275137568784391533e+02
5.098549274637318263e+02
4.282141070535267318e+02
5.918959479739869494e+02
4.774387193596797943e+02
7.783891945972985695e+02
3.141570785392696052e+02
7.679839919959979397e+02
2.653326663331665713e+02
7.215607803901950774e+02
5.218609304652326273e+02
2.285142571285642816e+02
1.176588294147073412e+02
4.082041020510254725e+02
6.215107553776888381e+02
2.701350675337668577e+02
4.938469234617308530e+02
5.762881440720359905e+01
1.200600300150074906e+00
3.109554777388694333e+02
1.876938469234617060e+02
2.357178589294647111e+02
1.888944472236117917e+02
3.721860930465232400e+02
3.037518759379689754e+02
4.982491245622811107e+02
8.204102051025512310e+01
4.614307153576788210e+02
6.119059529764881518e+02
3.617808904452226102e+02
7.819909954977488269e+02
6.607303651825912993e+02
4.050025012506253006e+02
1.708854427213606755e+02
7.579789894947473385e+02
2.593296648324161993e+02
6.563281640820409280e+01
5.646823411705852322e+02
7.083541770885442475e+02
5.122561280640319836e+01
2.665332666333166571e+02
1.592796398199099315e+02
9.244622311155576710e+01
6.167083541770884949e+02
5.978989494747373783e+02
6.795397698849424160e+02
5.494747373686842593e+02
7.675837918959479111e+02
1.576788394197098455e+02
2.777388694347173441e+02
1.756878439219609618e+02
6.175087543771885521e+02
4.150075037518759018e+02
4.254127063531765884e+02
8.284142071035516608e+01
5.982991495747874069e+02
1.680840420210105037e+02
1.720860430215107328e+01
2.849424712356178020e+02
3.253626813406702922e+02
5.854927463731866055e+02
4.694347173586793360e+02
2.381190595297648542e+02
5.882941470735366920e+02
6.395197598799398975e+02
6.243121560780389245e+02
7.839919959979989699e+02
6.187093546773386379e+02
6.451225612806402978e+02
1.784892446223111335e+02
6.527263631815907274e+02
2.945472736368183746e+02
5.002501250625312537e+02
6.551275637818908990e+02
4.482241120560279768e+01
6.079039519759879795e+02
3.441720860430214657e+02
6.967483741870935319e+02
5.942971485742871209e+02
5.270635317658828853e+02
6.971485742871435605e+02
3.669834917458729251e+02
2.073036518259129366e+02
3.601800900450224958e+02
7.111555777888944476e+02
2.153076538269134517e+02
3.957978989494746997e+02
2.817408704352175732e+02
5.430715357678839155e+02
2.589294647323661707e+02
5.790895447723861480e+02
2.081040520260129867e+01
3.637818909454726963e+02
5.666833416708353752e+02
7.763881940970485118e+01
5.566783391695847740e+02
6.075037518759379509e+02
7.747873936968484259e+02
3.405702851425712652e+02
5.138569284642320554e+02
6.111055527763882083e+02
5.166583291645822555e+02
4.642321160580289785e+01
1.056528264132065971e+02
4.330165082541270181e+02
6.155077538769384091e+02
1.692846423211605611e+02
7.483741870935467944e+01
1.348674337168584145e+02
1.268634317158579279e+02
1.128564282141070407e+02
7.119559779889945048e+02
1.700850425212606183e+02
2.217108554277138524e+02
1.604802401200600173e+02
7.495747873936968517e+02
8.164082041020509450e+01
2.277138569284642244e+02
7.599799899949974815e+02
3.281640820410204924e+02
2.617308654327163140e+02
4.002001000500249717e+01
6.403201600800399547e+02
5.574787393696848312e+02
4.162081040520259734e+01
1.844922461230615056e+02
2.981490745372686320e+02
7.179589794897448201e+02
2.669334667333666857e+02
4.434217108554277047e+02
3.721860930465232542e+01
3.625812906453226105e+02
1.068534267133566686e+02
6.767383691845922158e+02
7.123561780890445050e+01
4.854427213606803093e+02
4.894447223611805384e+02
3.201600800400199631e+01
2.993496748374187177e+02
5.542771385692846025e+02
6.691345672836417862e+02
5.182591295647823699e+02
3.013506753376688039e+02
1.528764382191095592e+02
3.909954977488744134e+02
5.706853426713356612e+02
7.779889944972485409e+02
1.188594297148574270e+02
3.129564782391195195e+02
6.107053526763381797e+02
6.327163581790895250e+02
5.022511255627813398e+02
4.106053026513256441e+02
2.089044522261130510e+02
4.258129064532265602e+02
5.214607303651825987e+02
3.333666833416708073e+02
3.897948974487243277e+02
4.998499249624812251e+02
2.601300650325162565e+02
3.393696848424211794e+02
5.842921460730365197e+02
3.221610805402701203e+02
3.945972986493246140e+02
6.687343671835917576e+02
1.860930465232616200e+02
1.000500250125062536e+02
3.465732866433216373e+02
5.418709354677338297e+02
7.155577788894446485e+02
7.643821910955477961e+01
7.395697848924461368e+02
7.931965982991495139e+02
2.393196598299149400e+02
4.070035017508753867e+02
4.674337168584291931e+02
1.244622311155577705e+02
7.431715857928963942e+02
2.533266633316658272e+02
5.090545272636317691e+02
7.311655827913956500e+02
1.044522261130565255e+02
7.423711855927963370e+02
1.984992496248123928e+02
6.431215607803901548e+02
3.557778889444722381e+02
7.043521760880439615e+02
3.241620810405202491e+01
4.246123061530765312e+02
6.459229614807403550e+02
1.808904452226113051e+02
1.872936468234117058e+02
4.646323161580789929e+02
7.251625812906452211e+02
2.561280640320159705e+02
2.681340670335167431e+01
2.137068534267133373e+02
2.021010505252626217e+02
5.894947473736867778e+02
2.421210605302651118e+02
4.542271135567783631e+02
1.520760380190094985e+01
3.641820910455227533e+01
3.925962981490745278e+02
5.330665332666333143e+02
5.550775387693846596e+02
6.299149574787393249e+02
5.878939469734866634e+02
2.121060530265132513e+02
3.425712856428214081e+02
6.399199599799899261e+02
5.610805402701350886e+02
5.934967483741870637e+02
3.213606803401700631e+02
7.795897948974486553e+02
1.884942471235617631e+02
2.441220610305152405e+01
6.567283641820910134e+02
3.649824912456227821e+02
8.244122061030515169e+01
5.226613306653326845e+02
7.471735867933966802e+02
6.135067533766882661e+02
2.901450725362681169e+02
1.160580290145072446e+01
4.134067033516757874e+02
4.718359179589794508e+02
4.354177088544271896e+02
2.093046523261630796e+02
5.702851425712856326e+02
4.554277138569284489e+02
3.785892946473236407e+02
3.301650825412706354e+02
5.470735367683842014e+02
4.350175087543771610e+02
3.101550775387693761e+02
4.250125062531265598e+02
6.143071535767883233e+02
2.969484742371185462e+02
1.600800400200099887e+02
5.606803401700850600e+02
6.095047523761880939e+02
3.905952976488243849e+02
4.158079039519759590e+02
7.615807903951975959e+02
5.558779389694847168e+02
2.241120560280139884e+01
7.415707853926962798e+02
7.587793896948473957e+02
1.732866433216608186e+02
6.035017508754376649e+02
7.019509754877437899e+02
7.823911955977988555e+02
2.509254627313656556e+02
5.618809404702350321e+02
4.994497248624311965e+02
5.802901450725362338e+02
7.231615807903951918e+02
9.564782391195596745e+01
7.559779889944971956e+02
4.062031015507753864e+02
7.335667833916958216e+02
2.233116558279139383e+02
6.503251625812905559e+02
7.639819909954976538e+02
7.927963981990994853e+02
4.726363181590795080e+02
4.450225112556277622e+02
3.317658829414706929e+02
2.001000500250124770e+00
7.915957978989493995e+02
4.754377188594297081e+02
7.467733866933466516e+02
6.427213606803401262e+02
2.613306653326663422e+02
