9.999958568405824533e-01
9.999924046334603966e-01
9.999889524263383400e-01
9.999855002192161724e-01
9.999820480120941157e-01
9.999785958049720591e-01
9.999751435978500025e-01
9.999716913907278348e-01
9.999682391836057782e-01
9.999647869764837216e-01
9.999613347693616650e-01
9.999578825622394973e-01
9.999544303551174407e-01
9.999509781479953840e-01
9.999475259408733274e-01
9.999440737337512708e-01
9.999406215266291031e-01
9.999371693195070465e-01
9.999337171123849899e-01
9.999302649052629333e-01
9.999268126981407656e-01
9.999233604910187090e-01
9.999199082838966524e-01
9.999164560767745957e-01
9.999130038696525391e-01
9.999094218344111162e-01
9.998955833777496416e-01
9.998817449210880559e-01
9.998679064644264702e-01
9.998540680077648846e-01
9.998402295511034099e-01
9.998263910944418242e-01
9.998125526377802386e-01
9.997987141811186529e-01
9.997848757244571782e-01
9.997710372677955926e-01
9.997571988111340069e-01
9.997433603544724212e-01
9.997295218978109466e-01
9.997156834411493609e-01
9.997018449844877752e-01
9.996880065278261895e-01
9.996741680711647149e-01
9.996603296145031292e-01
9.996464911578415435e-01
9.996326527011800689e-01
9.996188142445184832e-01
9.996049757878568975e-01
9.995911373311953119e-01
9.995772988745338372e-01
9.995627515227636373e-01
9.995205572617585910e-01
9.994783630007534336e-01
9.994361687397483873e-01
9.993939744787432300e-01
9.993517802177381837e-01
9.993095859567330264e-01
9.992673916957279800e-01
9.992251974347229337e-01
9.991830031737177764e-01
9.991408089127127301e-01
9.990986146517075728e-01
9.990564203907025265e-01
9.990142261296974802e-01
9.989720318686923228e-01
9.989298376076872765e-01
9.988876433466821192e-01
9.988454490856770729e-01
9.988032548246719156e-01
9.987610605636668692e-01
9.987188663026618229e-01
9.986766720416566656e-01
9.986344777806516193e-01
9.985922835196464620e-01
9.985500892586414157e-01
9.985067266668716801e-01
9.984333769188081797e-01
9.983600271707446794e-01
9.982866774226810680e-01
9.982133276746175676e-01
9.981399779265540673e-01
9.980666281784905669e-01
9.979932784304270665e-01
9.979199286823635662e-01
9.978465789343000658e-01
9.977732291862365654e-01
9.976998794381730651e-01
9.976265296901095647e-01
9.975531799420460644e-01
9.974798301939825640e-01
9.974064804459190636e-01
9.973331306978555633e-01
9.972597809497920629e-01
9.971864312017285625e-01
9.971130814536650622e-01
9.970397317056015618e-01
9.969663819575380614e-01
9.968930322094745611e-01
9.968196824614110607e-01
9.967463327133475604e-01
9.966713139282149525e-01
9.965645834387678592e-01
9.964578529493207659e-01
9.963511224598736726e-01
9.962443919704265793e-01
9.961376614809794861e-01
9.960309309915323928e-01
9.959242005020852995e-01
9.958174700126382062e-01
9.957107395231911129e-01
9.956040090337440196e-01
9.954972785442969263e-01
9.953905480548498330e-01
9.952838175654027397e-01
9.951770870759556464e-01
9.950703565865085531e-01
9.949636260970614599e-01
9.948568956076143666e-01
9.947501651181672733e-01
9.946434346287201800e-01
9.945367041392730867e-01
9.944299736498259934e-01
9.943232431603789001e-01
9.942165126709318068e-01
9.941097821814847135e-01
9.940003077979037149e-01
9.938496750023139148e-01
9.936990422067241147e-01
9.935484094111343145e-01
9.933977766155445144e-01
9.932471438199547142e-01
9.930965110243648031e-01
9.929458782287750029e-01
9.927952454331852028e-01
9.926446126375954027e-01
9.924939798420056025e-01
9.923433470464158024e-01
9.921927142508260022e-01
9.920420814552362021e-01
9.918914486596464020e-01
9.917408158640566018e-01
9.915901830684668017e-01
9.914395502728770015e-01
9.912889174772870904e-01
9.911382846816972902e-01
9.909876518861074901e-01
9.908370190905176900e-01
9.906863862949278898e-01
9.905357534993380897e-01
9.903851207037482896e-01
9.902297383630220828e-01
9.900157782989470467e-01
9.898018182348721217e-01
9.895878581707970856e-01
9.893738981067220495e-01
9.891599380426471244e-01
9.889459779785720883e-01
9.887320179144970522e-01
9.885180578504221272e-01
9.883040977863470911e-01
9.880901377222721660e-01
9.878761776581971299e-01
9.876622175941220938e-01
9.874482575300471687e-01
9.872342974659721326e-01
9.870203374018970965e-01
9.868063773378221715e-01
9.865924172737471354e-01
9.863784572096720993e-01
9.861644971455971742e-01
9.859505370815221381e-01
9.857365770174471020e-01
9.855226169533721770e-01
9.853086568892971409e-01
9.850946968252222158e-01
9.848723484761271463e-01
9.845625222975373791e-01
9.842526961189475010e-01
9.839428699403577339e-01
9.836330437617679667e-01
9.833232175831781996e-01
9.830133914045884325e-01
9.827035652259985543e-01
9.823937390474087872e-01
9.820839128688190200e-01
9.817740866902292529e-01
9.814642605116394858e-01
9.811544343330496076e-01
9.808446081544598405e-01
9.805347819758700734e-01
9.802249557972803062e-01
9.799151296186905391e-01
9.796053034401006609e-01
9.792954772615108938e-01
9.789856510829211267e-01
9.786758249043313596e-01
9.783659987257415924e-01
9.780561725471517143e-01
9.777463463685619471e-01
9.774365201899721800e-01
9.771129219672801680e-01
9.766653753476687294e-01
9.762178287280571798e-01
9.757702821084456302e-01
9.753227354888340805e-01
9.748751888692225309e-01
9.744276422496109813e-01
9.739800956299995427e-01
9.735325490103879931e-01
9.730850023907764434e-01
9.726374557711648938e-01
9.721899091515533442e-01
9.717423625319417946e-01
9.712948159123303560e-01
9.708472692927188064e-01
9.703997226731072567e-01
9.699521760534957071e-01
9.695046294338841575e-01
9.690570828142726079e-01
9.686095361946611693e-01
9.681619895750496196e-01
9.677144429554380700e-01
9.672668963358265204e-01
9.668193497162149708e-01
9.663718030966034211e-01
9.659023056751060432e-01
9.652596408165090569e-01
9.646169759579119596e-01
9.639743110993149733e-01
9.633316462407178760e-01
9.626889813821208897e-01
9.620463165235237923e-01
9.614036516649268060e-01
9.607609868063297087e-01
9.601183219477327224e-01
9.594756570891356251e-01
9.588329922305386388e-01
9.581903273719415415e-01
9.575476625133445552e-01
9.569049976547474579e-01
9.562623327961504716e-01
9.556196679375533742e-01
9.549770030789563879e-01
9.543343382203592906e-01
9.536916733617623043e-01
9.530490085031652070e-01
9.524063436445682207e-01
9.517636787859711234e-01
9.511210139273741371e-01
9.504783490687770398e-01
9.498006812702219914e-01
9.488779928919606199e-01
9.479553045136992484e-01
9.470326161354377659e-01
9.461099277571763944e-01
9.451872393789150228e-01
9.442645510006536513e-01
9.433418626223922798e-01
9.424191742441309083e-01
9.414964858658695368e-01
9.405737974876081653e-01
9.396511091093466828e-01
9.387284207310854223e-01
9.378057323528239397e-01
9.368830439745625682e-01
9.359603555963011967e-01
9.350376672180398252e-01
9.341149788397784537e-01
9.331922904615170822e-01
9.322696020832557107e-01
9.313469137049943392e-01
9.304242253267328566e-01
9.295015369484714851e-01
9.285788485702101136e-01
9.276561601919487421e-01
9.266816424310031497e-01
9.253820130877654648e-01
9.240823837445276689e-01
9.227827544012899841e-01
9.214831250580522992e-01
9.201834957148146144e-01
9.188838663715768185e-01
9.175842370283391336e-01
9.162846076851014487e-01
9.149849783418637639e-01
9.136853489986259680e-01
9.123857196553882831e-01
9.110860903121505983e-01
9.097864609689129134e-01
9.084868316256751175e-01
9.071872022824374326e-01
9.058875729391997478e-01
9.045879435959620629e-01
9.032883142527242670e-01
9.019886849094865822e-01
9.006890555662488973e-01
8.993894262230112124e-01
8.980897968797734165e-01
8.967901675365357317e-01
8.954905381932980468e-01
8.941163809413983365e-01
8.923198988737472970e-01
8.905234168060962574e-01
8.887269347384452178e-01
8.869304526707941783e-01
8.851339706031431387e-01
8.833374885354922101e-01
8.815410064678411706e-01
8.797445244001901310e-01
8.779480423325390914e-01
8.761515602648880519e-01
8.743550781972370123e-01
8.725585961295859727e-01
8.707621140619349331e-01
8.689656319942840046e-01
8.671691499266329650e-01
8.653726678589819254e-01
8.635761857913308859e-01
8.617797037236798463e-01
8.599832216560288067e-01
8.581867395883778782e-01
8.563902575207268386e-01
8.545937754530757990e-01
8.527972933854247595e-01
8.510008113177736089e-01
8.491025943492219730e-01
8.466800513529512129e-01
8.442575083566806748e-01
8.418349653604100258e-01
8.394124223641392657e-01
8.369898793678686166e-01
8.345673363715978565e-01
8.321447933753272075e-01
8.297222503790565584e-01
8.272997073827857983e-01
8.248771643865152603e-01
8.224546213902446112e-01
8.200320783939738511e-01
8.176095353977032021e-01
8.151869924014324420e-01
8.127644494051617929e-01
8.103419064088911439e-01
8.079193634126203838e-01
8.054968204163498458e-01
8.030742774200791967e-01
8.006517344238084366e-01
7.982291914275377875e-01
7.958066484312670275e-01
7.933841054349963784e-01
7.909615624387256183e-01
7.884149867867565886e-01
7.852836857579240659e-01
7.821523847290913212e-01
7.790210837002585764e-01
7.758897826714258317e-01
7.727584816425930869e-01
7.696271806137603422e-01
7.664958795849275974e-01
7.633645785560948527e-01
7.602332775272624410e-01
7.571019764984296962e-01
7.539706754695969515e-01
7.508393744407642068e-01
7.477080734119314620e-01
7.445767723830987173e-01
7.414454713542659725e-01
7.383141703254332278e-01
7.351828692966007051e-01
7.320515682677679603e-01
7.289202672389352156e-01
7.257889662101024708e-01
7.226576651812697261e-01
7.195263641524369813e-01
7.163950631236042366e-01
7.132637620947714918e-01
7.099997283988447316e-01
7.061605198121760907e-01
7.023213112255073387e-01
6.984821026388386978e-01
6.946428940521699458e-01
6.908036854655013048e-01
6.869644768788325528e-01
6.831252682921638009e-01
6.792860597054953820e-01
6.754468511188267410e-01
6.716076425321579890e-01
6.677684339454893481e-01
6.639292253588205961e-01
6.600900167721519551e-01
6.562508081854832032e-01
6.524115995988147843e-01
6.485723910121460323e-01
6.447331824254773913e-01
6.408939738388086393e-01
6.370547652521399984e-01
6.332155566654712464e-01
6.293763480788026055e-01
6.255371394921338535e-01
6.216979309054654346e-01
6.178587223187967936e-01
6.139112026317291582e-01
6.095304385430657668e-01
6.051496744544023754e-01
6.007689103657389840e-01
5.963881462770754815e-01
5.920073821884120902e-01
5.876266180997490318e-01
5.832458540110856404e-01
5.788650899224222490e-01
5.744843258337588576e-01
5.701035617450954662e-01
5.657227976564320748e-01
5.613420335677686834e-01
5.569612694791052920e-01
5.525805053904422337e-01
5.481997413017787313e-01
5.438189772131153399e-01
5.394382131244519485e-01
5.350574490357885571e-01
5.306766849471251657e-01
5.262959208584617743e-01
5.219151567697983829e-01
5.175343926811353246e-01
5.131536285924719332e-01
5.087728645038085418e-01
5.043475761076999797e-01
4.997572858663534290e-01
4.951669956250069338e-01
4.905767053836604386e-01
4.859864151423139433e-01
4.813961249009677257e-01
4.768058346596212305e-01
4.722155444182747352e-01
4.676252541769281845e-01
4.630349639355816893e-01
4.584446736942351941e-01
4.538543834528886434e-01
4.492640932115421482e-01
4.446738029701959860e-01
4.400835127288494908e-01
4.354932224875029401e-01
4.309029322461564449e-01
4.263126420048099496e-01
4.217223517634633989e-01
4.171320615221169037e-01
4.125417712807704085e-01
4.079514810394242463e-01
4.033611907980776956e-01
3.987709005567312004e-01
3.941806103153846497e-01
3.896549537615619507e-01
3.853519243536545069e-01
3.810488949457470076e-01
3.767458655378398413e-01
3.724428361299323975e-01
3.681398067220248982e-01
3.638367773141174544e-01
3.595337479062100106e-01
3.552307184983025112e-01
3.509276890903950674e-01
3.466246596824875681e-01
3.423216302745804018e-01
3.380186008666729580e-01
3.337155714587655142e-01
3.294125420508580149e-01
3.251095126429505711e-01
3.208064832350431272e-01
3.165034538271356279e-01
3.122004244192281841e-01
3.078973950113210178e-01
3.035943656034135740e-01
2.992913361955060747e-01
2.949883067875985754e-01
2.906852773796911316e-01
2.863822479717836877e-01
2.822458401514708615e-01
2.786443753229093656e-01
2.750429104943481473e-01
2.714414456657867070e-01
2.678399808372252111e-01
2.642385160086637153e-01
2.606370511801022194e-01
2.570355863515407790e-01
2.534341215229792832e-01
2.498326566944178151e-01
2.462311918658565690e-01
2.426297270372951009e-01
2.390282622087336328e-01
2.354267973801721370e-01
2.318253325516106689e-01
2.282238677230491730e-01
2.246224028944877049e-01
2.210209380659262091e-01
2.174194732373649908e-01
2.138180084088035227e-01
2.102165435802420546e-01
2.066150787516805587e-01
2.030136139231190628e-01
1.994121490945575947e-01
1.958106842659961266e-01
1.924329514313115053e-01
1.897264145782577016e-01
1.870198777252037037e-01
1.843133408721497057e-01
1.816068040190957078e-01
1.789002671660417099e-01
1.761937303129877397e-01
1.734871934599337417e-01
1.707806566068797438e-01
1.680741197538259402e-01
1.653675829007719422e-01
1.626610460477179443e-01
1.599545091946639463e-01
1.572479723416099484e-01
1.545414354885559505e-01
1.518348986355019525e-01
1.491283617824481489e-01
1.464218249293941509e-01
1.437152880763401530e-01
1.410087512232861551e-01
1.383022143702321571e-01
1.355956775171781870e-01
1.328891406641241890e-01
1.301826038110701911e-01
1.274760669580163874e-01
1.249936892847313685e-01
1.231410921641308276e-01
1.212884950435302867e-01
1.194358979229297457e-01
1.175833008023292048e-01
1.157307036817286638e-01
1.138781065611281229e-01
1.120255094405277208e-01
1.101729123199271798e-01
1.083203151993266389e-01
1.064677180787260979e-01
1.046151209581255570e-01
1.027625238375250161e-01
1.009099267169244751e-01
9.905732959632393420e-02
9.720473247572353204e-02
9.535213535512299110e-02
9.349953823452245016e-02
9.164694111392190923e-02
8.979434399332136829e-02
8.794174687272082735e-02
8.608914975212028642e-02
8.423655263151974548e-02
8.238395551091934332e-02
8.053135839031880239e-02
7.886006975845359646e-02
7.766677623325442259e-02
7.647348270805524872e-02
7.528018918285606098e-02
7.408689565765688712e-02
7.289360213245771325e-02
7.170030860725862265e-02
7.050701508205943491e-02
6.931372155686026104e-02
6.812042803166108718e-02
6.692713450646189943e-02
6.573384098126272557e-02
6.454054745606355170e-02
6.334725393086437784e-02
6.215396040566527336e-02
6.096066688046609949e-02
5.976737335526691869e-02
5.857407983006773788e-02
5.738078630486856402e-02
5.618749277966939015e-02
5.499419925447020241e-02
5.380090572927102854e-02
5.260761220407193794e-02
5.141431867887275714e-02
5.022102515367357634e-02
4.915822453112641405e-02
4.841881936297776773e-02
4.767941419482911447e-02
4.694000902668046815e-02
4.620060385853187734e-02
4.546119869038323102e-02
4.472179352223458471e-02
4.398238835408593839e-02
4.324298318593729207e-02
4.250357801778864575e-02
4.176417284963999943e-02
4.102476768149135311e-02
4.028536251334275536e-02
3.954595734519410904e-02
3.880655217704546273e-02
3.806714700889681641e-02
3.732774184074817009e-02
3.658833667259952377e-02
3.584893150445087745e-02
3.510952633630223113e-02
3.437012116815363338e-02
3.363071600000498707e-02
3.289131083185634075e-02
3.215190566370769443e-02
3.141250049555904811e-02
3.075606704766638277e-02
3.029323428037103069e-02
2.983040151307567861e-02
2.936756874578036122e-02
2.890473597848500914e-02
2.844190321118965706e-02
2.797907044389430498e-02
2.751623767659895636e-02
2.705340490930360428e-02
2.659057214200825220e-02
2.612773937471290359e-02
2.566490660741758273e-02
2.520207384012223065e-02
2.473924107282687856e-02
2.427640830553152995e-02
2.381357553823617787e-02
2.335074277094082579e-02
2.288791000364547717e-02
2.242507723635012162e-02
2.196224446905480771e-02
2.149941170175945215e-02
2.103657893446410354e-02
2.057374616716875146e-02
2.011091339987339938e-02
1.964808063257805076e-02
1.924065944427200830e-02
1.895514372974247200e-02
1.866962801521295304e-02
1.838411230068341326e-02
1.809859658615387695e-02
1.781308087162433718e-02
1.752756515709479740e-02
1.724204944256526109e-02
1.695653372803572131e-02
1.667101801350618154e-02
1.638550229897666258e-02
1.609998658444712627e-02
1.581447086991758649e-02
1.552895515538804845e-02
1.524343944085851041e-02
1.495792372632899145e-02
1.467240801179945167e-02
1.438689229726991363e-02
1.410137658274037559e-02
1.381586086821083581e-02
1.353034515368129777e-02
1.324482943915175973e-02
1.295931372462221995e-02
1.267379801009268191e-02
1.238828229556314386e-02
1.213807073986796978e-02
1.196118320636724644e-02
1.178429567286652310e-02
1.160740813936579977e-02
1.143052060586510245e-02
1.125363307236437911e-02
1.107674553886365751e-02
1.089985800536293417e-02
1.072297047186221083e-02
1.054608293836148750e-02
1.036919540486076589e-02
1.019230787136004256e-02
1.001542033785931922e-02
9.838532804358597617e-03
9.661645270857874279e-03
9.484757737357150942e-03
9.307870203856427604e-03
9.130982670355704267e-03
8.954095136854982664e-03
8.777207603354259327e-03
8.600320069853562011e-03
8.423432536352838673e-03
8.246545002852115336e-03
8.069657469351391998e-03
7.892769935850670396e-03
7.737584465826650298e-03
7.624999342627283676e-03
7.512414219427917053e-03
7.399829096228550430e-03
7.287243973029183808e-03
7.174658849829817185e-03
7.062073726630450562e-03
6.949488603431083940e-03
6.836903480231717317e-03
6.724318357032350695e-03
6.611733233832984072e-03
6.499148110633633929e-03
6.386562987434266439e-03
6.273977864234899816e-03
6.161392741035533194e-03
6.048807617836166571e-03
5.936222494636799948e-03
5.823637371437433326e-03
5.711052248238066703e-03
5.598467125038700080e-03
5.485882001839333458e-03
5.373296878639966835e-03
5.260711755440600212e-03
5.148126632241233590e-03
5.035541509041866967e-03
4.937622114213690606e-03
4.866939072074865855e-03
4.796256029936051511e-03
4.725572987797226759e-03
4.654889945658402875e-03
4.584206903519578123e-03
4.513523861380753371e-03
4.442840819241929487e-03
4.372157777103104735e-03
4.301474734964279983e-03
4.230791692825456099e-03
4.160108650686631347e-03
4.089425608547806595e-03
4.018742566408981844e-03
3.948059524270157959e-03
3.877376482131333207e-03
3.806693439992508456e-03
3.736010397853694112e-03
3.665327355714869794e-03
3.594644313576045476e-03
3.523961271437220724e-03
3.453278229298396406e-03
3.382595187159572088e-03
3.311912145020747336e-03
3.241229102881922584e-03
3.179260562589241845e-03
3.132617525543229461e-03
3.085974488497217512e-03
3.039331451451205129e-03
2.992688414405193179e-03
2.946045377359180796e-03
2.899402340313168413e-03
2.852759303267156463e-03
2.806116266221150585e-03
2.759473229175138636e-03
2.712830192129126253e-03
2.666187155083114303e-03
2.619544118037101920e-03
2.572901080991089537e-03
2.526258043945077587e-03
2.479615006899065204e-03
2.432971969853052821e-03
2.386328932807040872e-03
2.339685895761028488e-03
2.293042858715016539e-03
2.246399821669004156e-03
2.199756784622992206e-03
2.153113747576979823e-03
2.106470710530967440e-03
2.059827673484961996e-03
2.020711966918829847e-03
1.994141811152503729e-03
1.967571655386177176e-03
1.941001499619850841e-03
1.914431343853524505e-03
1.887861188087198170e-03
1.861291032320871834e-03
1.834720876554545499e-03
1.808150720788219163e-03
1.781580565021892828e-03
1.755010409255566492e-03
1.728440253489240156e-03
1.701870097722913821e-03
1.675299941956587485e-03
1.648729786190261150e-03
1.622159630423938501e-03
1.595589474657612382e-03
1.569019318891285830e-03
1.542449163124959711e-03
1.515879007358633158e-03
1.489308851592307040e-03
1.462738695825980487e-03
1.436168540059654369e-03
1.409598384293327816e-03
1.383028228527001698e-03
1.359176512854113261e-03
1.339621686361175835e-03
1.320066859868238409e-03
1.300512033375300983e-03
1.280957206882363556e-03
1.261402380389428949e-03
1.241847553896491523e-03
1.222292727403554097e-03
1.202737900910616671e-03
1.183183074417679245e-03
1.163628247924741819e-03
1.144073421431804610e-03
1.124518594938866967e-03
1.104963768445929757e-03
1.085408941952992114e-03
1.065854115460054905e-03
1.046299288967117479e-03
1.026744462474180053e-03
1.007189635981242627e-03
9.876348094883052008e-04
9.680799829953677747e-04
9.485251565024331675e-04
9.289703300094957414e-04
9.094155035165583153e-04
8.898606770236208892e-04
8.731574088023003359e-04
8.607314779884064470e-04
8.483055471745126665e-04
8.358796163606187777e-04
8.234536855467249972e-04
8.110277547328311083e-04
7.986018239189373279e-04
7.861758931050434390e-04
7.737499622911496585e-04
7.613240314772557697e-04
7.488981006633619892e-04
7.364721698494682087e-04
7.240462390355761630e-04
7.116203082216822741e-04
6.991943774077883852e-04
6.867684465938946048e-04
6.743425157800008243e-04
6.619165849661069355e-04
6.494906541522131550e-04
6.370647233383192661e-04
6.246387925244254857e-04
6.122128617105317052e-04
5.997869308966378163e-04
5.873610000827439274e-04
5.749350692688501470e-04
5.645384832834417568e-04
5.570321762961792092e-04
5.495258693089167699e-04
5.420195623216553064e-04
5.345132553343927588e-04
5.270069483471303195e-04
5.195006413598677718e-04
5.119943343726052242e-04
5.044880273853427849e-04
4.969817203980802373e-04
4.894754134108176896e-04
4.819691064235552503e-04
4.744627994362927027e-04
4.669564924490302092e-04
4.594501854617677157e-04
4.519438784745051681e-04
4.444375714872427288e-04
4.369312644999801811e-04
4.294249575127187177e-04
4.219186505254562242e-04
4.144123435381937308e-04
4.069060365509311831e-04
3.993997295636687438e-04
3.918934225764061962e-04
3.843871155891437027e-04
3.778215658748487423e-04
3.725288054122160956e-04
3.672360449495833947e-04
3.619432844869507481e-04
3.566505240243181014e-04
3.513577635616854547e-04
3.460650030990527538e-04
3.407722426364201071e-04
3.354794821737874604e-04
3.301867217111555185e-04
3.248939612485228718e-04
3.196012007858902251e-04
3.143084403232575784e-04
3.090156798606248775e-04
3.037229193979922308e-04
2.984301589353595841e-04
2.931373984727268832e-04
2.878446380100942365e-04
2.825518775474615898e-04
2.772591170848288889e-04
2.719663566221962423e-04
2.666735961595635956e-04
2.613808356969308947e-04
2.560880752342983022e-04
2.507953147716656013e-04
2.462897253799318066e-04
2.427962130793524049e-04
2.393027007787730575e-04
2.358091884781936829e-04
2.323156761776143083e-04
2.288221638770349608e-04
2.253286515764555862e-04
2.218351392758762116e-04
2.183416269752968641e-04
2.148481146747174895e-04
2.113546023741381149e-04
2.078610900735587404e-04
2.043675777729793929e-04
2.008740654724000183e-04
1.973805531718206708e-04
1.938870408712412962e-04
1.903935285706624095e-04
1.869000162700830349e-04
1.834065039695036874e-04
1.799129916689243128e-04
1.764194793683449653e-04
1.729259670677655908e-04
1.694324547671862162e-04
1.659389424666068416e-04
1.624454301660274670e-04
1.595780259430237260e-04
1.574758649259458529e-04
1.553737039088679526e-04
1.532715428917900795e-04
1.511693818747121792e-04
1.490672208576343061e-04
1.469650598405567040e-04
1.448628988234788308e-04
1.427607378064009306e-04
1.406585767893230574e-04
1.385564157722451572e-04
1.364542547551672840e-04
1.343520937380894109e-04
1.322499327210115106e-04
1.301477717039336375e-04
1.280456106868557372e-04
1.259434496697778641e-04
1.238412886526999638e-04
1.217391276356220907e-04
1.196369666185441904e-04
1.175348056014663173e-04
1.154326445843884306e-04
1.133304835673108421e-04
1.112283225502329554e-04
1.091261615331550687e-04
1.073147200931919937e-04
1.058411419455516586e-04
1.043675637979113370e-04
1.028939856502710155e-04
1.014204075026306804e-04
9.994682935499035888e-05
9.847325120735002379e-05
9.699967305970970226e-05
9.552609491206936717e-05
9.405251676442904563e-05
9.257893861678871054e-05
9.110536046914838901e-05
8.963178232150806747e-05
8.815820417386793567e-05
8.668462602622761413e-05
8.521104787858729259e-05
8.373746973094695750e-05
8.226389158330663597e-05
8.079031343566630088e-05
7.931673528802597934e-05
7.784315714038565781e-05
7.636957899274532272e-05
7.489600084510498763e-05
7.342242269746466609e-05
7.194884454982434455e-05
7.069971817779502029e-05
6.969867008407264338e-05
6.869762199035025292e-05
6.769657389662786246e-05
6.669552580290562108e-05
6.569447770918324418e-05
6.469342961546085372e-05
6.369238152173846326e-05
6.269133342801608635e-05
6.169028533429369589e-05
6.068923724057130543e-05
5.968818914684892175e-05
5.868714105312653807e-05
5.768609295940414761e-05
5.668504486568176393e-05
5.568399677195938024e-05
5.468294867823698978e-05
5.368190058451460610e-05
5.268085249079222242e-05
5.167980439706998104e-05
5.067875630334759058e-05
4.967770820962520690e-05
4.867666011590282321e-05
4.767561202218043275e-05
4.667456392845804907e-05
4.586181091324796161e-05
4.524700913442267208e-05
4.463220735559738256e-05
4.401740557677209304e-05
4.340260379794680352e-05
4.278780201912151399e-05
4.217300024029622447e-05
4.155819846147092817e-05
4.094339668264563865e-05
4.032859490382034913e-05
3.971379312499514770e-05
3.909899134616985817e-05
3.848418956734456865e-05
3.786938778851927235e-05
3.725458600969398283e-05
3.663978423086869331e-05
3.602498245204340378e-05
3.541018067321811426e-05
3.479537889439282474e-05
3.418057711556753522e-05
3.356577533674224569e-05
3.295097355791695617e-05
3.233617177909165987e-05
3.172137000026637035e-05
3.110656822144108083e-05
3.107286142248473184e-05
3.162024960339723529e-05
3.216763778430982006e-05
3.271502596522240483e-05
3.326241414613498960e-05
3.380980232704757437e-05
3.435719050796015914e-05
3.490457868887274391e-05
3.545196686978532868e-05
3.599935505069791345e-05
3.654674323161049822e-05
3.709413141252308299e-05
3.764151959343566776e-05
3.818890777434825253e-05
3.873629595526084407e-05
3.928368413617342207e-05
3.983107231708601361e-05
4.037846049799851707e-05
4.092584867891110184e-05
4.147323685982368661e-05
4.202062504073627138e-05
4.256801322164885615e-05
4.311540140256144092e-05
4.366278958347402569e-05
4.421017776438661046e-05
4.488692231135260011e-05
4.568671315773526799e-05
4.648650400411792909e-05
4.728629485050059696e-05
4.808608569688326484e-05
4.888587654326593271e-05
4.968566738964860059e-05
5.048545823603115326e-05
5.128524908241381436e-05
5.208503992879648224e-05
5.288483077517915011e-05
5.368462162156181799e-05
5.448441246794448586e-05
5.528420331432714696e-05
5.608399416070981484e-05
5.688378500709248271e-05
5.768357585347515059e-05
5.848336669985781846e-05
5.928315754624047956e-05
6.008294839262315421e-05
6.088273923900581531e-05
6.168253008538847641e-05
6.248232093177115106e-05
6.328211177815370374e-05
6.408190262453636484e-05
6.506370978849849464e-05
6.621019838265166009e-05
6.735668697680481198e-05
6.850317557095796388e-05
6.964966416511111577e-05
7.079615275926426767e-05
7.194264135341741956e-05
7.308912994757057145e-05
7.423561854172372335e-05
7.538210713587688880e-05
7.652859573003004069e-05
7.767508432418319259e-05
7.882157291833634448e-05
7.996806151248949637e-05
8.111455010664248564e-05
8.226103870079563753e-05
8.340752729494880298e-05
8.455401588910195488e-05
8.570050448325510677e-05
8.684699307740825866e-05
8.799348167156141056e-05
8.913997026571456245e-05
9.028645885986771435e-05
9.143294745402087980e-05
9.257943604817401814e-05
9.407257512566402874e-05
9.586399485160673468e-05
9.765541457754942708e-05
9.944683430349211947e-05
1.012382540294348119e-04
1.030296737553772603e-04
1.048210934813199527e-04
1.066125132072626451e-04
1.084039329332053375e-04
1.101953526591480299e-04
1.119867723850907358e-04
1.137781921110334147e-04
1.155696118369761206e-04
1.173610315629188130e-04
1.191524512888615054e-04
1.209438710148041978e-04
1.227352907407468902e-04
1.245267104666895961e-04
1.263181301926322750e-04
1.281095499185749809e-04
1.299009696445174158e-04
1.316923893704601218e-04
1.334838090964028006e-04
1.352752288223455065e-04
1.370666485482881854e-04
1.391446444650756061e-04
1.414571118107360147e-04
1.437695791563964505e-04
1.460820465020568591e-04
1.483945138477172948e-04
1.507069811933777034e-04
1.530194485390381392e-04
1.553319158846985749e-04
1.576443832303589835e-04
1.599568505760194193e-04
1.622693179216798279e-04
1.645817852673399384e-04
1.668942526130003470e-04
1.692067199586607827e-04
1.715191873043212184e-04
1.738316546499816271e-04
1.761441219956420628e-04
1.784565893413024714e-04
1.807690566869629071e-04
1.830815240326233158e-04
1.853939913782837515e-04
1.877064587239441872e-04
1.900189260696045958e-04
1.923313934152650316e-04
1.946438607609254402e-04
1.976265122094997848e-04
2.011304179603405119e-04
2.046343237111807511e-04
2.081382294620214783e-04
2.116421352128622054e-04
2.151460409637029325e-04
2.186499467145436868e-04
2.221538524653844139e-04
2.256577582162251410e-04
2.291616639670658682e-04
2.326655697179066224e-04
2.361694754687473495e-04
2.396733812195880767e-04
2.431772869704288038e-04
2.466811927212695581e-04
2.501850984721102852e-04
2.536890042229510123e-04
2.571929099737917395e-04
2.606968157246319787e-04
2.642007214754727058e-04
2.677046272263134330e-04
2.712085329771541601e-04
2.747124387279948872e-04
2.782163444788356686e-04
2.817202502296763957e-04
2.863055610915399740e-04
2.916901713832902032e-04
2.970747816750404866e-04
3.024593919667907700e-04
3.078440022585410534e-04
3.132286125502913368e-04
3.186132228420416202e-04
3.239978331337919036e-04
3.293824434255413739e-04
3.347670537172916573e-04
3.401516640090419407e-04
3.455362743007922240e-04
3.509208845925425074e-04
3.563054948842927908e-04
3.616901051760430200e-04
3.670747154677933034e-04
3.724593257595435868e-04
3.778439360512938702e-04
3.832285463430441536e-04
3.886131566347944370e-04
3.939977669265447204e-04
3.993823772182950038e-04
4.047669875100452330e-04
4.101515978017955164e-04
4.155362080935450409e-04
4.217420599614827886e-04
4.285245282552545406e-04
4.353069965490263468e-04
4.420894648427981530e-04
4.488719331365699050e-04
4.556544014303417112e-04
4.624368697241135174e-04
4.692193380178852694e-04
4.760018063116570755e-04
4.827842746054288817e-04
4.895667428992006879e-04
4.963492111929724941e-04
5.031316794867441919e-04
5.099141477805159981e-04
5.166966160742878043e-04
5.234790843680586347e-04
5.302615526618304409e-04
5.370440209556022471e-04
5.438264892493740532e-04
5.506089575431458594e-04
5.573914258369175572e-04
5.641738941306893634e-04
5.709563624244611696e-04
5.777388307182329758e-04
5.845212990120047820e-04
5.941149562685473905e-04
6.055827395002711484e-04
6.170505227319949063e-04
6.285183059637185557e-04
6.399860891954423136e-04
6.514538724271659630e-04
6.629216556588880946e-04
6.743894388906117440e-04
6.858572221223355019e-04
6.973250053540591513e-04
7.087927885857829092e-04
7.202605718175065586e-04
7.317283550492303165e-04
7.431961382809539659e-04
7.546639215126777238e-04
7.661317047444013732e-04
7.775994879761251311e-04
7.890672712078487805e-04
8.005350544395725383e-04
8.120028376712961878e-04
8.234706209030199456e-04
8.349384041347420772e-04
8.464061873664657266e-04
8.578739705981893761e-04
8.693417538299131339e-04
8.832124452410046282e-04
8.986033438676152519e-04
9.139942424942258756e-04
9.293851411208364994e-04
9.447760397474471231e-04
9.601669383740578552e-04
9.755578370006684789e-04
9.909487356272791026e-04
1.006339634253889618e-03
1.021730532880500350e-03
1.037121431507111082e-03
1.052512330133721597e-03
1.067903228760330161e-03
1.083294127386940676e-03
1.098685026013551409e-03
1.114075924640161924e-03
1.129466823266772656e-03
1.144857721893383171e-03
1.160248620519993903e-03
1.175639519146604636e-03
1.191030417773215151e-03
1.206421316399825883e-03
1.221812215026436398e-03
1.237203113653047130e-03
1.252594012279657646e-03
1.271984521828330422e-03
1.293774797930240901e-03
1.315565074032151380e-03
1.337355350134058823e-03
1.359145626235969302e-03
1.380935902337879781e-03
1.402726178439790260e-03
1.424516454541700523e-03
1.446306730643611002e-03
1.468097006745521481e-03
1.489887282847431960e-03
1.511677558949342439e-03
1.533467835051252918e-03
1.555258111153163397e-03
1.577048387255073876e-03
1.598838663356984355e-03
1.620628939458894618e-03
1.642419215560805097e-03
1.664209491662715576e-03
1.685999767764623019e-03
1.707790043866533498e-03
1.729580319968443761e-03
1.751370596070354457e-03
1.773160872172264719e-03
1.794951148274175415e-03
1.824874042603960925e-03
1.859421366906462017e-03
1.893968691208963110e-03
1.928516015511464420e-03
1.963063339813965295e-03
1.997610664116461834e-03
2.032157988418962710e-03
2.066705312721464020e-03
2.101252637023964896e-03
2.135799961326466205e-03
2.170347285628967081e-03
2.204894609931468390e-03
2.239441934233969266e-03
2.273989258536470576e-03
2.308536582838971452e-03
2.343083907141472761e-03
2.377631231443974071e-03
2.412178555746474946e-03
2.446725880048975822e-03
2.481273204351477132e-03
2.515820528653978441e-03
2.550367852956479317e-03
2.584915177258980193e-03
2.619462501561481502e-03
2.654009825863982812e-03
2.694049611362305408e-03
2.737046875966070436e-03
2.780044140569835464e-03
2.823041405173600492e-03
2.866038669777365520e-03
2.909035934381130548e-03
2.952033198984895142e-03
2.995030463588660603e-03
3.038027728192413054e-03
3.081024992796178082e-03
3.124022257399943110e-03
3.167019522003708572e-03
3.210016786607473166e-03
3.253014051211238628e-03
3.296011315815003222e-03
3.339008580418768683e-03
3.382005845022533277e-03
3.425003109626298739e-03
3.468000374230063333e-03
3.510997638833828795e-03
3.553994903437593389e-03
3.596992168041358851e-03
3.639989432645123445e-03
3.682986697248888906e-03
3.725983961852653500e-03
3.786815172566789650e-03
3.856731601110741006e-03
3.926648029654691494e-03
3.996564458198642415e-03
4.066480886742593337e-03
4.136397315286545126e-03
4.206313743830496048e-03
4.276230172374446969e-03
4.346146600918397891e-03
4.416063029462348813e-03
4.485979458006299735e-03
4.555895886550250656e-03
4.625812315094201578e-03
4.695728743638152500e-03
4.765645172182103421e-03
4.835561600726034394e-03
4.905478029269985316e-03
4.975394457813937105e-03
5.045310886357887159e-03
5.115227314901838948e-03
5.185143743445789002e-03
5.255060171989740792e-03
5.324976600533691713e-03
5.394893029077642635e-03
5.464809457621593557e-03
5.552288372306315826e-03
5.648223298836601257e-03
5.744158225366886687e-03
5.840093151897171250e-03
5.936028078427456681e-03
6.031963004957741244e-03
6.127897931488026674e-03
6.223832858018311237e-03
6.319767784548596667e-03
6.415702711078882098e-03
6.511637637609166661e-03
6.607572564139452091e-03
6.703507490669736654e-03
6.799442417200022085e-03
6.895377343730307515e-03
6.991312270260592078e-03
7.087247196790877508e-03
7.183182123321162071e-03
7.279117049851447502e-03
7.375051976381732932e-03
7.470986902912017495e-03
7.566921829442275170e-03
7.662856755972559733e-03
7.758791682502845163e-03
7.854726609033130594e-03
7.971165497196529282e-03
8.096924367920440777e-03
8.222683238644354006e-03
8.348442109368267236e-03
8.474200980092180466e-03
8.599959850816093695e-03
8.725718721540005191e-03
8.851477592263918420e-03
8.977236462987831650e-03
9.102995333711744880e-03
9.228754204435658109e-03
9.354513075159569604e-03
9.480271945883482834e-03
9.606030816607396064e-03
9.731789687331309294e-03
9.857548558055220789e-03
9.983307428779134018e-03
1.010906629950304725e-02
1.023482517022696048e-02
1.036058404095087371e-02
1.048634291167478520e-02
1.061210178239869843e-02
1.073786065312261166e-02
1.086361952384652316e-02
1.098937839457043639e-02
1.116227101696703680e-02
1.135536381865192603e-02
1.154845662033681698e-02
1.174154942202165243e-02
1.193464222370654339e-02
1.212773502539143435e-02
1.232082782707632357e-02
1.251392062876121453e-02
1.270701343044610548e-02
1.290010623213099644e-02
1.309319903381588740e-02
1.328629183550077662e-02
1.347938463718566758e-02
1.367247743887055854e-02
1.386557024055544776e-02
1.405866304224033872e-02
1.425175584392522968e-02
1.444484864561012064e-02
1.463794144729500986e-02
1.483103424897990082e-02
1.502412705066479177e-02
1.521721985234968100e-02
1.541031265403457196e-02
1.560340545571946291e-02
1.579649825740435387e-02
1.602169568259819224e-02
1.625984760499740028e-02
1.649799952739660833e-02
1.673615144979581637e-02
1.697430337219502441e-02
1.721245529459423246e-02
1.745060721699344050e-02
1.768875913939264855e-02
1.792691106179185312e-02
1.816506298419099524e-02
1.840321490659020329e-02
1.864136682898941133e-02
1.887951875138861590e-02
1.911767067378782395e-02
1.935582259618703199e-02
1.959397451858624004e-02
1.983212644098544808e-02
2.007027836338465612e-02
2.030843028578386417e-02
2.054658220818306874e-02
2.078473413058228025e-02
2.102288605298148483e-02
2.126103797538069287e-02
2.149918989777990092e-02
2.173734182017910896e-02
2.203890334064687734e-02
2.236451677762342147e-02
2.269013021459996560e-02
2.301574365157650973e-02
2.334135708855305386e-02
2.366697052552959799e-02
2.399258396250614211e-02
2.431819739948268624e-02
2.464381083645923037e-02
2.496942427343577103e-02
2.529503771041231516e-02
2.562065114738885929e-02
2.594626458436540342e-02
2.627187802134194755e-02
2.659749145831849168e-02
2.692310489529503581e-02
2.724871833227148626e-02
2.757433176924803039e-02
2.789994520622457452e-02
2.822555864320111865e-02
2.855117208017766278e-02
2.887678551715420691e-02
2.920239895413075104e-02
2.952801239110729517e-02
2.985362582808383930e-02
3.024984037335903819e-02
3.067118412667276667e-02
3.109252787998649167e-02
3.151387163330021668e-02
3.193521538661393822e-02
3.235655913992766669e-02
3.277790289324139517e-02
3.319924664655511670e-02
3.362059039986884518e-02
3.404193415318256671e-02
3.446327790649629519e-02
3.488462165981001672e-02
3.530596541312374520e-02
3.572730916643747368e-02
3.614865291975119521e-02
3.656999667306492369e-02
3.699134042637864522e-02
3.741268417969237370e-02
3.783402793300609523e-02
3.825537168631982371e-02
3.867671543963355218e-02
3.909805919294727372e-02
3.951940294626088424e-02
3.994074669957460577e-02
4.036209045288832731e-02
4.084363422502686192e-02
4.134524467010702864e-02
4.184685511518718842e-02
4.234846556026734821e-02
4.285007600534750799e-02
4.335168645042766777e-02
4.385329689550783450e-02
4.435490734058799428e-02
4.485651778566815406e-02
4.535812823074831385e-02
4.585973867582847363e-02
4.636134912090864035e-02
4.686295956598880014e-02
4.736457001106895992e-02
4.786618045614911970e-02
4.836779090122927949e-02
4.886940134630943927e-02
4.937101179138959905e-02
4.987262223646976578e-02
5.037423268154992556e-02
5.087584312663008534e-02
5.137745357171024513e-02
5.187906401679040491e-02
5.238067446187057163e-02
5.288228490695073142e-02
5.346313037521260164e-02
5.406865560479337529e-02
5.467418083437414200e-02
5.527970606395490871e-02
5.588523129353550889e-02
5.649075652311627560e-02
5.709628175269704231e-02
5.770180698227781596e-02
5.830733221185858267e-02
5.891285744143934938e-02
5.951838267102011609e-02
6.012390790060088974e-02
6.072943313018165645e-02
6.133495835976242316e-02
6.194048358934318987e-02
6.254600881892395658e-02
6.315153404850473717e-02
6.375705927808550388e-02
6.436258450766627059e-02
6.496810973724703731e-02
6.557363496682780402e-02
6.617916019640857073e-02
6.678468542598933744e-02
6.739021065557010415e-02
6.799573588515088474e-02
6.865815476587615318e-02
6.933709115822402069e-02
7.001602755057190208e-02
7.069496394291976960e-02
7.137390033526765099e-02
7.205283672761553238e-02
7.273177311996339989e-02
7.341070951231128128e-02
7.408964590465914879e-02
7.476858229700703018e-02
7.544751868935470340e-02
7.612645508170258479e-02
7.680539147405045231e-02
7.748432786639833370e-02
7.816326425874620121e-02
7.884220065109408260e-02
7.952113704344196399e-02
8.020007343578983150e-02
8.087900982813769901e-02
8.155794622048558040e-02
8.223688261283346179e-02
8.291581900518132930e-02
8.359475539752921069e-02
8.427369178987707821e-02
8.495262818222495960e-02
8.567827166409920647e-02
8.641651864632184099e-02
8.715476562854447551e-02
8.789301261076712390e-02
8.863125959298975842e-02
8.936950657521240682e-02
9.010775355743504134e-02
9.084600053965767585e-02
9.158424752188032425e-02
9.232249450410295877e-02
9.306074148632560716e-02
9.379898846854824168e-02
9.453723545077087620e-02
9.527548243299352460e-02
9.601372941521615911e-02
9.675197639743880751e-02
9.749022337966144203e-02
9.822847036188386838e-02
9.896671734410651677e-02
9.970496432632915129e-02
1.004432113085517997e-01
1.011814582907744342e-01
1.019197052729970687e-01
1.026579522552197171e-01
1.033961992374423516e-01
1.041714172947313249e-01
1.049558781207868829e-01
1.057403389468424548e-01
1.065247997728980128e-01
1.073092605989535847e-01
1.080937214250091427e-01
1.088781822510647146e-01
1.096626430771202726e-01
1.104471039031758306e-01
1.112315647292314025e-01
1.120160255552869605e-01
1.128004863813425324e-01
1.135849472073980904e-01
1.143694080334536622e-01
1.151538688595092202e-01
1.159383296855647782e-01
1.167227905116203501e-01
1.175072513376759081e-01
1.182917121637314800e-01
1.190761729897870380e-01
1.198606338158426099e-01
1.206450946418981679e-01
1.214295554679537259e-01
1.222140162940090757e-01
1.229984771200646337e-01
1.237824954320622950e-01
1.245664116254312226e-01
1.253503278188001224e-01
1.261342440121690500e-01
1.269181602055379776e-01
1.277020763989068775e-01
1.284859925922758050e-01
1.292699087856447049e-01
1.300538249790136325e-01
1.308377411723825601e-01
1.316216573657514599e-01
1.324055735591203875e-01
1.331894897524892873e-01
1.339734059458582149e-01
1.347573221392271425e-01
1.355412383325960424e-01
1.363251545259649700e-01
1.371090707193338698e-01
1.378929869127027974e-01
1.386769031060717250e-01
1.394608192994406248e-01
1.402447354928095524e-01
1.410286516861784523e-01
1.418125678795473799e-01
1.425964840729163075e-01
1.433912063896737032e-01
1.441882209144226268e-01
1.449852354391715503e-01
1.457822499639204739e-01
1.465792644886693696e-01
1.473762790134180711e-01
1.481732935381669947e-01
1.489703080629158904e-01
1.497673225876648140e-01
1.505643371124137375e-01
1.513613516371626611e-01
1.521583661619115846e-01
1.529553806866604804e-01
1.537523952114094039e-01
1.545494097361583274e-01
1.553464242609072510e-01
1.561434387856561468e-01
1.569404533104050703e-01
1.577374678351539938e-01
1.585344823599029174e-01
1.593314968846518132e-01
1.601285114094007367e-01
1.609255259341496602e-01
1.617225404588985838e-01
1.625195549836475073e-01
1.632874024985381534e-01
1.640495907428593247e-01
1.648117789871804684e-01
1.655739672315016398e-01
1.663361554758227834e-01
1.670983437201439548e-01
1.678605319644650984e-01
1.686227202087862698e-01
1.693849084531074134e-01
1.701470966974285848e-01
1.709092849417497284e-01
1.716714731860706777e-01
1.724336614303918491e-01
1.731958496747129927e-01
1.739580379190341364e-01
1.747202261633553078e-01
1.754824144076764514e-01
1.762446026519976228e-01
1.770067908963187664e-01
1.777689791406399378e-01
1.785311673849610814e-01
1.792933556292822528e-01
1.800555438736033964e-01
1.808177321179245678e-01
1.815799203622457114e-01
1.823218169470397221e-01
1.830601326507406701e-01
1.837984483544416459e-01
1.845367640581426216e-01
1.852750797618435696e-01
1.860133954655445454e-01
1.867517111692454934e-01
1.874900268729464692e-01
1.882283425766474450e-01
1.889666582803483930e-01
1.897049739840493687e-01
1.904432896877503167e-01
1.911816053914512925e-01
1.919199210951522683e-01
1.926582367988532163e-01
1.933965525025541921e-01
1.941348682062551401e-01
1.948731839099561158e-01
1.956114996136568696e-01
1.963498153173578453e-01
1.970881310210587933e-01
1.978264467247597691e-01
1.985647624284607171e-01
1.993030781321616929e-01
2.000413938358626686e-01
2.007424399685607541e-01
2.014375445754467975e-01
2.021326491823328408e-01
2.028277537892188842e-01
2.035228583961048998e-01
2.042179630029909432e-01
2.049130676098769865e-01
2.056081722167630299e-01
2.063032768236490733e-01
2.069983814305351166e-01
2.076934860374211600e-01
2.083885906443071756e-01
2.090836952511932190e-01
2.097787998580792623e-01
2.104739044649653057e-01
2.111690090718513491e-01
2.118641136787373924e-01
2.125592182856234080e-01
2.132543228925094514e-01
2.139494274993954948e-01
2.146445321062815381e-01
2.153396367131675815e-01
2.160347413200536248e-01
2.167298459269396682e-01
2.174249505338254895e-01
2.180864242170298672e-01
2.187430934825654039e-01
2.193997627481009682e-01
2.200564320136365049e-01
2.207131012791720692e-01
2.213697705447076058e-01
2.220264398102431425e-01
2.226831090757787068e-01
2.233397783413142434e-01
2.239964476068498078e-01
2.246531168723853444e-01
2.253097861379209088e-01
2.259664554034564454e-01
2.266231246689919820e-01
2.272797939345275464e-01
2.279364632000630830e-01
2.285931324655986474e-01
2.292498017311341840e-01
2.299064709966697206e-01
2.305631402622052850e-01
2.312198095277408216e-01
2.318764787932763860e-01
2.325331480588119226e-01
2.331898173243474870e-01
2.338464865898830236e-01
2.344677699930775849e-01
2.350845678644260806e-01
2.357013657357746039e-01
2.363181636071231273e-01
2.369349614784716229e-01
2.375517593498201463e-01
2.381685572211684754e-01
2.387853550925169988e-01
2.394021529638654944e-01
2.400189508352140177e-01
2.406357487065625134e-01
2.412525465779110367e-01
2.418693444492595601e-01
2.424861423206080557e-01
2.431029401919565791e-01
2.437197380633050747e-01
2.443365359346535981e-01
2.449533338060020937e-01
2.455701316773506171e-01
2.461869295486991405e-01
2.468037274200476361e-01
2.474205252913961595e-01
2.480373231627446551e-01
2.486541210340931785e-01
2.492709189054417018e-01
2.498802206545707727e-01
2.504886895012310433e-01
2.510971583478913138e-01
2.517056271945515844e-01
2.523140960412117995e-01
2.529225648878720700e-01
2.535310337345323406e-01
2.541395025811926112e-01
2.547479714278528817e-01
2.553564402745130968e-01
2.559649091211733674e-01
2.565733779678336379e-01
2.571818468144937420e-01
2.577903156611539570e-01
2.583987845078142276e-01
2.590072533544744982e-01
2.596157222011347687e-01
2.602241910477950393e-01
2.608326598944553099e-01
2.614411287411155249e-01
2.620495975877757955e-01
2.626580664344360661e-01
2.632665352810963366e-01
2.638750041277566072e-01
2.644834729744168222e-01
2.651121898204611971e-01
2.657428482554875515e-01
2.663735066905139615e-01
2.670041651255403159e-01
2.676348235605666703e-01
2.682654819955930803e-01
2.688961404306194347e-01
2.695267988656457891e-01
2.701574573006721991e-01
2.707881157356985535e-01
2.714187741707249635e-01
2.720494326057513179e-01
2.726800910407776724e-01
2.733107494758040823e-01
2.739414079108304367e-01
2.745720663458568467e-01
2.752027247808832011e-01
2.758333832159095556e-01
2.764640416509359655e-01
2.770947000859621534e-01
2.777253585209885078e-01
2.783560169560149178e-01
2.789866753910412722e-01
2.796173338260676267e-01
2.802479922610940366e-01
2.811515341749011299e-01
2.820772017761770112e-01
2.830028693774529480e-01
2.839285369787288293e-01
2.848542045800047107e-01
2.857798721812805920e-01
2.867055397825565288e-01
2.876312073838324102e-01
2.885568749851082915e-01
2.894825425863841728e-01
2.904082101876600541e-01
2.913338777889359910e-01
2.922595453902118723e-01
2.931852129914877536e-01
2.941108805927636349e-01
2.950365481940395718e-01
2.959622157953154531e-01
2.968878833965913344e-01
2.978135509978672157e-01
2.987392185991430971e-01
2.996648862004190339e-01
3.005905538016949152e-01
3.015162214029707966e-01
3.024418890042466779e-01
3.033675566055226147e-01
3.054712044982234587e-01
3.076533844103533366e-01
3.098355643224832145e-01
3.120177442346130925e-01
3.141999241467429149e-01
3.163821040588727929e-01
3.185642839710026708e-01
3.207464638831325487e-01
3.229286437952624267e-01
3.251108237073922491e-01
3.272930036195221271e-01
3.294751835316520050e-01
3.316573634437818829e-01
3.338395433559117054e-01
3.360217232680415833e-01
3.382039031801714613e-01
3.403860830923013392e-01
3.425682630044311616e-01
3.447504429165610396e-01
3.469326228286909175e-01
3.491148027408207954e-01
3.512969826529506179e-01
3.534791625650804958e-01
3.556613424772103738e-01
3.578435223893402517e-01
3.641887026191935606e-01
3.707529881289273188e-01
3.773172736386610771e-01
3.838815591483947798e-01
3.904458446581285380e-01
3.970101301678622407e-01
4.035744156775959990e-01
4.101387011873278698e-01
4.167029866970616281e-01
4.232672722067953308e-01
4.298315577165290891e-01
4.363958432262627918e-01
4.429601287359965500e-01
4.495244142457303083e-01
4.560886997554640110e-01
4.626529852651977692e-01
4.692172707749314720e-01
4.757815562846652302e-01
4.823458417943989884e-01
4.889101273041326912e-01
4.954744128138663939e-01
5.020386983236001521e-01
5.086029838333339104e-01
5.151672693430676686e-01
5.217315548528014268e-01
5.332696953570806864e-01
5.450016224195896042e-01
5.567335494820985220e-01
5.684654765446074398e-01
5.801974036071162466e-01
5.919293306696251644e-01
6.036612577321340822e-01
6.153931847946430000e-01
6.271251118571519179e-01
6.388570389196608357e-01
6.505889659821697535e-01
6.623208930446786713e-01
6.740528201071875891e-01
6.857847471696930652e-01
6.975166742322019831e-01
7.092486012947109009e-01
7.209805283572198187e-01
7.327124554197287365e-01
7.444443824822376543e-01
7.561763095447464611e-01
7.679082366072553789e-01
7.796401636697642967e-01
7.913720907322732145e-01
8.031040177947821324e-01
8.148359448572910502e-01
8.211314514086780481e-01
8.272875625623430373e-01
8.334436737160081377e-01
8.395997848696731269e-01
8.457558960233381162e-01
8.519120071770031055e-01
8.580681183306680948e-01
8.642242294843331951e-01
8.703803406379981844e-01
8.765364517916631737e-01
8.826925629453281630e-01
8.888486740989931523e-01
8.950047852526582526e-01
9.011608964063232419e-01
9.073170075599882312e-01
9.134731187136532204e-01
9.196292298673182097e-01
9.257853410209833100e-01
9.319414521746482993e-01
9.380975633283132886e-01
9.442536744819765016e-01
9.504097856356414908e-01
9.565658967893065912e-01
9.627220079429715804e-01
9.688781190966365697e-01
9.699958342952375023e-01
9.710497723298491257e-01
9.721037103644607491e-01
9.731576483990722615e-01
9.742115864336838849e-01
9.752655244682955082e-01
9.763194625029071316e-01
9.773734005375187550e-01
9.784273385721302674e-01
9.794812766067418908e-01
9.805352146413535142e-01
9.815891526759651375e-01
9.826430907105766499e-01
9.836970287451882733e-01
9.847509667797998967e-01
9.858049048144115201e-01
9.868588428490231435e-01
9.879127808836346558e-01
9.889667189182462792e-01
9.900206569528579026e-01
9.910745949874695260e-01
9.921285330220811494e-01
9.931824710566926617e-01
9.942364090913042851e-01
9.952903471259159085e-01
