1.000290036201477051e+00
1.000278711318969727e+00
1.000267267227172852e+00
1.000255703926086426e+00
1.000243186950683594e+00
1.000230789184570312e+00
1.000217795372009277e+00
1.000205159187316895e+00
1.000191807746887207e+00
1.000178098678588867e+00
1.000164031982421875e+00
1.000149965286254883e+00
1.000135064125061035e+00
1.000120401382446289e+00
1.000105023384094238e+00
1.000089168548583984e+00
1.000073075294494629e+00
1.000056624412536621e+00
1.000040054321289062e+00
1.000022888183593750e+00
1.000005483627319336e+00
9.999874234199523926e-01
9.999690651893615723e-01
9.999502301216125488e-01
9.999313354492187500e-01
9.999116659164428711e-01
9.998914599418640137e-01
9.998711347579956055e-01
9.998504519462585449e-01
9.998289942741394043e-01
9.998070001602172852e-01
9.997851252555847168e-01
9.997619986534118652e-01
9.997390508651733398e-01
9.997153282165527344e-01
9.996914863586425781e-01
9.996665716171264648e-01
9.996414184570312500e-01
9.996157288551330566e-01
9.995895028114318848e-01
9.995630383491516113e-01
9.995355606079101562e-01
9.995077848434448242e-01
9.994794726371765137e-01
9.994503259658813477e-01
9.994208216667175293e-01
9.993906021118164062e-01
9.993600845336914062e-01
9.993287920951843262e-01
9.992964863777160645e-01
9.992641210556030273e-01
9.992311596870422363e-01
9.991968274116516113e-01
9.991627335548400879e-01
9.991273880004882812e-01
9.990913271903991699e-01
9.990545511245727539e-01
9.990175366401672363e-01
9.989796876907348633e-01
9.989408850669860840e-01
9.989020228385925293e-01
9.988617897033691406e-01
9.988204836845397949e-01
9.987787604331970215e-01
9.987367391586303711e-01
9.986931681632995605e-01
9.986493587493896484e-01
9.986044764518737793e-01
9.985588788986206055e-01
9.985119700431823730e-01
9.984645843505859375e-01
9.984166026115417480e-01
9.983675479888916016e-01
9.983177185058593750e-01
9.982665181159973145e-01
9.982151389122009277e-01
9.981621503829956055e-01
9.981086254119873047e-01
9.980539679527282715e-01
9.979982972145080566e-01
9.979416131973266602e-01
9.978842735290527344e-01
9.978251457214355469e-01
9.977658987045288086e-01
9.977051615715026855e-01
9.976434111595153809e-01
9.975804090499877930e-01
9.975161552429199219e-01
9.974514245986938477e-01
9.973854422569274902e-01
9.973179101943969727e-01
9.972491264343261719e-01
9.971796274185180664e-01
9.971087574958801270e-01
9.970369338989257812e-01
9.969629645347595215e-01
9.968885779380798340e-01
9.968125820159912109e-01
9.967358112335205078e-01
9.966568946838378906e-01
9.965774416923522949e-01
9.964960813522338867e-01
9.964134097099304199e-01
9.963293671607971191e-01
9.962444305419921875e-01
9.961575269699096680e-01
9.960691332817077637e-01
9.959792494773864746e-01
9.958882927894592285e-01
9.957960247993469238e-01
9.957016706466674805e-01
9.956058263778686523e-01
9.955081939697265625e-01
9.954091310501098633e-01
9.953088760375976562e-01
9.952063560485839844e-01
9.951023459434509277e-01
9.949966669082641602e-01
9.948893785476684570e-01
9.947800040245056152e-01
9.946689605712890625e-01
9.945565462112426758e-01
9.944420456886291504e-01
9.943257570266723633e-01
9.942069053649902344e-01
9.940866231918334961e-01
9.939647316932678223e-01
9.938406944274902344e-01
9.937144517898559570e-01
9.935861825942993164e-01
9.934563040733337402e-01
9.933238625526428223e-01
9.931890964508056641e-01
9.930524826049804688e-01
9.929141998291015625e-01
9.927732348442077637e-01
9.926297664642333984e-01
9.924845695495605469e-01
9.923365712165832520e-01
9.921864271163940430e-01
9.920338392257690430e-01
9.918790459632873535e-01
9.917217493057250977e-01
9.915618896484375000e-01
9.913996458053588867e-01
9.912344813346862793e-01
9.910672307014465332e-01
9.908973574638366699e-01
9.907241463661193848e-01
9.905489087104797363e-01
9.903705120086669922e-01
9.901897907257080078e-01
9.900059103965759277e-01
9.898192286491394043e-01
9.896299242973327637e-01
9.894373416900634766e-01
9.892421960830688477e-01
9.890434145927429199e-01
9.888420701026916504e-01
9.886369705200195312e-01
9.884293675422668457e-01
9.882183670997619629e-01
9.880041480064392090e-01
9.877865314483642578e-01
9.875656962394714355e-01
9.873414039611816406e-01
9.871135354042053223e-01
9.868822693824768066e-01
9.866477251052856445e-01
9.864094257354736328e-01
9.861677885055541992e-01
9.859219193458557129e-01
9.856724143028259277e-01
9.854195713996887207e-01
9.851625561714172363e-01
9.849016070365905762e-01
9.846367239952087402e-01
9.843679070472717285e-01
9.840952157974243164e-01
9.838179945945739746e-01
9.835367202758789062e-01
9.832511544227600098e-01
9.829617142677307129e-01
9.826675653457641602e-01
9.823689460754394531e-01
9.820660948753356934e-01
9.817585349082946777e-01
9.814461469650268555e-01
9.811294674873352051e-01
9.808077812194824219e-01
9.804817438125610352e-01
9.801501631736755371e-01
9.798142313957214355e-01
9.794727563858032227e-01
9.791267514228820801e-01
9.787752628326416016e-01
9.784187674522399902e-01
9.780567288398742676e-01
9.776891469955444336e-01
9.773167371749877930e-01
9.769383072853088379e-01
9.765544533729553223e-01
9.761649370193481445e-01
9.757699370384216309e-01
9.753686785697937012e-01
9.749616980552673340e-01
9.745488166809082031e-01
9.741297960281372070e-01
9.737044572830200195e-01
9.732724428176879883e-01
9.728348851203918457e-01
9.723906517028808594e-01
9.719399213790893555e-01
9.714826941490173340e-01
9.710184335708618164e-01
9.705478549003601074e-01
9.700704813003540039e-01
9.695859551429748535e-01
9.690936803817749023e-01
9.685950279235839844e-01
9.680885672569274902e-01
9.675756692886352539e-01
9.670547842979431152e-01
9.665262699127197266e-01
9.659899473190307617e-01
9.654462933540344238e-01
9.648944139480590820e-01
9.643348455429077148e-01
9.637668728828430176e-01
9.631909728050231934e-01
9.626068472862243652e-01
9.620143175125122070e-01
9.614126682281494141e-01
9.608032107353210449e-01
9.601845741271972656e-01
9.595575928688049316e-01
9.589208364486694336e-01
9.582753181457519531e-01
9.576203823089599609e-01
9.569563865661621094e-01
9.562829732894897461e-01
9.555997252464294434e-01
9.549064636230468750e-01
9.542040824890136719e-01
9.534912705421447754e-01
9.527688026428222656e-01
9.520355463027954102e-01
9.512917995452880859e-01
9.505379796028137207e-01
9.497733712196350098e-01
9.489980936050415039e-01
9.482119083404541016e-01
9.474141597747802734e-01
9.466059207916259766e-01
9.457858204841613770e-01
9.449545145034790039e-01
9.441110491752624512e-01
9.432560205459594727e-01
9.423893690109252930e-01
9.415100812911987305e-01
9.406189918518066406e-01
9.397153258323669434e-01
9.387989044189453125e-01
9.378698468208312988e-01
9.369279146194458008e-01
9.359731674194335938e-01
9.350054264068603516e-01
9.340233206748962402e-01
9.330284595489501953e-01
9.320194721221923828e-01
9.309971928596496582e-01
9.299603104591369629e-01
9.289093017578125000e-01
9.278438091278076172e-01
9.267640113830566406e-01
9.256691336631774902e-01
9.245598912239074707e-01
9.234349131584167480e-01
9.222953915596008301e-01
9.211393594741821289e-01
9.199685454368591309e-01
9.187816381454467773e-01
9.175783991813659668e-01
9.163593649864196777e-01
9.151232242584228516e-01
9.138713479042053223e-01
9.126022458076477051e-01
9.113166928291320801e-01
9.100130796432495117e-01
9.086926579475402832e-01
9.073545336723327637e-01
9.059984087944030762e-01
9.046248793601989746e-01
9.032326340675354004e-01
9.018225073814392090e-01
9.003931283950805664e-01
8.989457488059997559e-01
8.974789977073669434e-01
8.959933519363403320e-01
8.944878578186035156e-01
8.929631114006042480e-01
8.914182782173156738e-01
8.898538351058959961e-01
8.882688879966735840e-01
8.866637945175170898e-01
8.850377798080444336e-01
8.833910822868347168e-01
8.817238807678222656e-01
8.800341486930847168e-01
8.783238530158996582e-01
8.765915036201477051e-01
8.748373389244079590e-01
8.730614185333251953e-01
8.712630867958068848e-01
8.694420456886291504e-01
8.675984144210815430e-01
8.657319545745849609e-01
8.638421893119812012e-01
8.619291782379150391e-01
8.599928021430969238e-01
8.580324053764343262e-01
8.560482263565063477e-01
8.540397882461547852e-01
8.520070314407348633e-01
8.499497771263122559e-01
8.478678464889526367e-01
8.457610607147216797e-01
8.436285853385925293e-01
8.414710760116577148e-01
8.392881751060485840e-01
8.370794057846069336e-01
8.348447084426879883e-01
8.325845599174499512e-01
8.302978277206420898e-01
8.279845714569091797e-01
8.256449103355407715e-01
8.232782483100891113e-01
8.208845257759094238e-01
8.184636831283569336e-01
8.160157799720764160e-01
8.135410547256469727e-01
8.110380172729492188e-01
8.085075020790100098e-01
8.059491515159606934e-01
8.033624887466430664e-01
8.007479906082153320e-01
7.981053590774536133e-01
7.954344153404235840e-01
7.927346229553222656e-01
7.900065183639526367e-01
7.872493863105773926e-01
7.844641208648681641e-01
7.816494703292846680e-01
7.788054943084716797e-01
7.759329676628112793e-01
7.730315327644348145e-01
7.701001167297363281e-01
7.671403884887695312e-01
7.641506195068359375e-01
7.611319422721862793e-01
7.580835223197937012e-01
7.550055980682373047e-01
7.518985271453857422e-01
7.487627267837524414e-01
7.455961108207702637e-01
7.424008250236511230e-01
7.391762137413024902e-01
7.359216809272766113e-01
7.326384782791137695e-01
7.293256521224975586e-01
7.259835004806518555e-01
7.226119637489318848e-01
7.192112207412719727e-01
7.157822251319885254e-01
7.123239636421203613e-01
7.088367342948913574e-01
7.053208947181701660e-01
7.017765045166015625e-01
6.982034444808959961e-01
6.946024298667907715e-01
6.909734010696411133e-01
6.873161792755126953e-01
6.836314201354980469e-01
6.799188256263732910e-01
6.761787533760070801e-01
6.724120378494262695e-01
6.686182022094726562e-01
6.647978425025939941e-01
6.609514355659484863e-01
6.570783257484436035e-01
6.531797647476196289e-01
6.492558717727661133e-01
6.453067064285278320e-01
6.413327455520629883e-01
6.373342871665954590e-01
6.333113312721252441e-01
6.292651295661926270e-01
6.251952648162841797e-01
6.211020946502685547e-01
6.169867515563964844e-01
6.128483414649963379e-01
6.086891293525695801e-01
6.045080423355102539e-01
6.003062725067138672e-01
5.960842967033386230e-01
5.918423533439636230e-01
5.875806808471679688e-01
5.833002924919128418e-01
5.790012478828430176e-01
5.746850371360778809e-01
5.703499317169189453e-01
5.659989118576049805e-01
5.616322159767150879e-01
5.572490096092224121e-01
5.528508424758911133e-01
5.484385490417480469e-01
5.440118908882141113e-01
5.395725369453430176e-01
5.351199507713317871e-01
5.306557416915893555e-01
5.261799693107604980e-01
5.216938257217407227e-01
5.171971321105957031e-01
5.126916766166687012e-01
5.081768631935119629e-01
5.036543011665344238e-01
4.991243779659271240e-01
4.945877790451049805e-01
4.900457561016082764e-01
4.854984283447265625e-01
4.809464514255523682e-01
4.763906002044677734e-01
4.718316793441772461e-01
4.672710895538330078e-01
4.627082943916320801e-01
4.581452906131744385e-01
4.535824358463287354e-01
4.490197598934173584e-01
4.444589614868164062e-01
4.399002492427825928e-01
4.353445470333099365e-01
4.307929277420043945e-01
4.262457787990570068e-01
4.217042326927185059e-01
4.171687364578247070e-01
4.126395583152770996e-01
4.081186354160308838e-01
4.036057293415069580e-01
3.991020917892456055e-01
3.946086168289184570e-01
3.901260793209075928e-01
3.856545388698577881e-01
3.811953961849212646e-01
3.767492771148681641e-01
3.723172545433044434e-01
3.678991198539733887e-01
3.634962439537048340e-01
3.591092228889465332e-01
3.547393381595611572e-01
3.503864109516143799e-01
3.460518717765808105e-01
3.417357802391052246e-01
3.374395966529846191e-01
3.331631124019622803e-01
3.289074301719665527e-01
3.246735334396362305e-01
3.204619884490966797e-01
3.162723481655120850e-01
3.121070563793182373e-01
3.079651594161987305e-01
3.038481473922729492e-01
2.997566461563110352e-01
2.956908047199249268e-01
2.916509807109832764e-01
2.876384258270263672e-01
2.836533188819885254e-01
2.796961367130279541e-01
2.757678031921386719e-01
2.718679904937744141e-01
2.679983377456665039e-01
2.641582190990447998e-01
2.603482902050018311e-01
2.565698027610778809e-01
2.528220713138580322e-01
2.491064667701721191e-01
2.454227656126022339e-01
2.417715638875961304e-01
2.381532043218612671e-01
2.345676422119140625e-01
2.310163080692291260e-01
2.274978756904602051e-01
2.240140885114669800e-01
2.205636948347091675e-01
2.171488851308822632e-01
2.137687802314758301e-01
2.104234099388122559e-01
2.071132212877273560e-01
2.038388848304748535e-01
2.005990743637084961e-01
1.973962485790252686e-01
1.942285299301147461e-01
1.910967230796813965e-01
1.880011856555938721e-01
1.849420070648193359e-01
1.819186210632324219e-01
1.789320260286331177e-01
1.759811937808990479e-01
1.730670034885406494e-01
1.701886057853698730e-01
1.673470735549926758e-01
1.645415574312210083e-01
1.617723107337951660e-01
1.590391993522644043e-01
1.563423275947570801e-01
1.536808311939239502e-01
1.510565876960754395e-01
1.484668701887130737e-01
1.459134072065353394e-01
1.433952450752258301e-01
1.409126222133636475e-01
1.384648084640502930e-01
1.360526084899902344e-01
1.336750388145446777e-01
1.313320994377136230e-01
1.290236562490463257e-01
1.267493516206741333e-01
1.245090365409851074e-01
1.223029345273971558e-01
1.201296001672744751e-01
1.179902702569961548e-01
1.158838570117950439e-01
1.138098239898681641e-01
1.117686033248901367e-01
1.097593903541564941e-01
1.077821552753448486e-01
1.058366000652313232e-01
1.039220243692398071e-01
1.020388007164001465e-01
1.001861840486526489e-01
9.836390614509582520e-02
9.657159447669982910e-02
9.480883181095123291e-02
9.307627379894256592e-02
9.137204289436340332e-02
8.969669044017791748e-02
8.804936707019805908e-02
8.643060922622680664e-02
8.483923971652984619e-02
8.327554166316986084e-02
8.173842728137969971e-02
8.022832870483398438e-02
7.874424755573272705e-02
7.728622853755950928e-02
7.585380971431732178e-02
7.444693148136138916e-02
7.306465506553649902e-02
7.170718908309936523e-02
7.037334144115447998e-02
6.906336545944213867e-02
6.777773797512054443e-02
6.651458144187927246e-02
6.527446210384368896e-02
6.405669450759887695e-02
6.286130845546722412e-02
6.168743595480918884e-02
6.053477153182029724e-02
5.940377339720726013e-02
5.829329416155815125e-02
5.720315501093864441e-02
5.613299086689949036e-02
5.508272722363471985e-02
5.405216291546821594e-02
5.304041132330894470e-02
5.204759165644645691e-02
5.107318982481956482e-02
5.011660233139991760e-02
4.917791113257408142e-02
4.825768247246742249e-02
4.735390469431877136e-02
4.646698012948036194e-02
4.559721425175666809e-02
4.474364593625068665e-02
4.390593245625495911e-02
4.308428242802619934e-02
4.227791354060173035e-02
4.148678854107856750e-02
4.071131721138954163e-02
3.994957730174064636e-02
3.920229896903038025e-02
3.846934065222740173e-02
3.775037452578544617e-02
3.704496845602989197e-02
3.635312989354133606e-02
3.567416593432426453e-02
3.500862047076225281e-02
3.435480222105979919e-02
3.371353074908256531e-02
3.308479115366935730e-02
3.246854618191719055e-02
3.186300769448280334e-02
3.126943483948707581e-02
3.068695589900016785e-02
3.011602535843849182e-02
2.955521270632743835e-02
2.900548651814460754e-02
2.846622094511985779e-02
2.793722227215766907e-02
2.741790190339088440e-02
2.690905705094337463e-02
2.640901133418083191e-02
2.591890469193458557e-02
2.543800696730613708e-02
2.496602758765220642e-02
2.450354024767875671e-02
2.404942736029624939e-02
2.360421046614646912e-02
2.316682413220405579e-02
2.273805066943168640e-02
2.231680974364280701e-02
2.190442755818367004e-02
2.149945870041847229e-02
2.110214903950691223e-02
2.071218565106391907e-02
2.032975479960441589e-02
1.995448395609855652e-02
1.958620920777320862e-02
1.922472193837165833e-02
1.887008920311927795e-02
1.852222159504890442e-02
1.818079873919487000e-02
1.784571632742881775e-02
1.751703396439552307e-02
1.719426736235618591e-02
1.687756553292274475e-02
1.656695082783699036e-02
1.626212522387504578e-02
1.596299186348915100e-02
1.566909998655319214e-02
1.538148149847984314e-02
1.509845629334449768e-02
1.482122018933296204e-02
1.454860717058181763e-02
1.428105309605598450e-02
1.401915773749351501e-02
1.376166939735412598e-02
1.350896432995796204e-02
1.326071470975875854e-02
1.301755011081695557e-02
1.277857273817062378e-02
1.254384219646453857e-02
1.231375336647033691e-02
1.208798214793205261e-02
1.186616718769073486e-02
1.164834201335906982e-02
1.143475621938705444e-02
1.122522726655006409e-02
1.101932674646377563e-02
1.081713289022445679e-02
1.061852648854255676e-02
1.042356714606285095e-02
1.023276895284652710e-02
1.004534587264060974e-02
9.861111640930175781e-03
9.679932147264480591e-03
9.502675384283065796e-03
9.328685700893402100e-03
9.157475084066390991e-03
8.989579975605010986e-03
8.824750781059265137e-03
8.662927895784378052e-03
8.504394441843032837e-03
8.348375558853149414e-03
8.195307105779647827e-03
8.045233786106109619e-03
7.897499948740005493e-03
7.752805948257446289e-03
7.610753178596496582e-03
7.470849901437759399e-03
7.334198802709579468e-03
7.199693471193313599e-03
7.067210972309112549e-03
6.937708705663681030e-03
6.810795515775680542e-03
6.685841828584671021e-03
6.563059985637664795e-03
6.442457437515258789e-03
6.324511021375656128e-03
6.208196282386779785e-03
6.094586104154586792e-03
5.982827395200729370e-03
5.873180925846099854e-03
5.765516310930252075e-03
5.659379065036773682e-03
5.555924028158187866e-03
5.453605204820632935e-03
5.353651940822601318e-03
5.255445837974548340e-03
5.159400403499603271e-03
5.064524710178375244e-03
4.971537739038467407e-03
4.880268126726150513e-03
4.790797829627990723e-03
4.703264683485031128e-03
4.616998136043548584e-03
4.532311111688613892e-03
4.449173808097839355e-03
4.367716610431671143e-03
4.287716001272201538e-03
4.208911210298538208e-03
4.132181406021118164e-03
4.056274890899658203e-03
3.982681781053543091e-03
3.909084945917129517e-03
3.837641328573226929e-03
3.767605870962142944e-03
3.698594868183135986e-03
3.631312400102615356e-03
3.564368933439254761e-03
3.499694168567657471e-03
3.435518592596054077e-03
3.373123705387115479e-03
3.311984241008758545e-03
3.251433372497558594e-03
3.192175179719924927e-03
3.134015947580337524e-03
3.076795488595962524e-03
3.021188080310821533e-03
2.966411411762237549e-03
2.912357449531555176e-03
2.859674394130706787e-03
2.807959914207458496e-03
2.757403999567031860e-03
2.707488834857940674e-03
2.658579498529434204e-03
2.610925585031509399e-03
2.563636749982833862e-03
2.517633140087127686e-03
2.472437918186187744e-03
2.427875995635986328e-03
2.384379506111145020e-03
2.341531217098236084e-03
2.300255000591278076e-03
2.259228378534317017e-03
2.219010144472122192e-03
2.179473638534545898e-03
2.140656113624572754e-03
2.103079110383987427e-03
2.065796405076980591e-03
2.029750496149063110e-03
1.993969082832336426e-03
1.959353685379028320e-03
1.924540847539901733e-03
1.891043037176132202e-03
1.858361065387725830e-03
1.825947314500808716e-03
1.794286072254180908e-03
1.763287931680679321e-03
1.732977107167243958e-03
1.703308895230293274e-03
1.674070954322814941e-03
1.645691692829132080e-03
1.617584377527236938e-03
1.590332016348838806e-03
1.563349738717079163e-03
1.537237316370010376e-03
1.511361449956893921e-03
1.486007124185562134e-03
1.461423933506011963e-03
1.437112689018249512e-03
1.413464546203613281e-03
1.390643417835235596e-03
1.367922872304916382e-03
1.345925033092498779e-03
1.323904842138290405e-03
1.302422955632209778e-03
1.281702890992164612e-03
1.261262223124504089e-03
1.241244375705718994e-03
1.222034916281700134e-03
1.202611252665519714e-03
1.184070482850074768e-03
1.165602356195449829e-03
1.147648319602012634e-03
1.130342483520507812e-03
1.113232225179672241e-03
1.096209511160850525e-03
1.080045476555824280e-03
1.064229756593704224e-03
1.048274338245391846e-03
1.033088192343711853e-03
1.018207520246505737e-03
1.002954319119453430e-03
9.887907654047012329e-04
9.749531745910644531e-04
9.610857814550399780e-04
9.477566927671432495e-04
9.344741702079772949e-04
9.217187762260437012e-04
9.092818945646286011e-04
8.967556059360504150e-04
8.847452700138092041e-04
8.733794093132019043e-04
8.616391569375991821e-04
8.507017046213150024e-04
8.397381752729415894e-04
8.285976946353912354e-04
8.186809718608856201e-04
8.082706481218338013e-04
7.983613759279251099e-04
7.884725928306579590e-04
7.788147777318954468e-04
7.698368281126022339e-04
7.607061415910720825e-04
7.516294717788696289e-04
7.430482655763626099e-04
7.349736988544464111e-04
7.264465093612670898e-04
7.186252623796463013e-04
7.103271782398223877e-04
7.025264203548431396e-04
6.951522082090377808e-04
6.878152489662170410e-04
6.801243871450424194e-04
6.731580942869186401e-04
6.662383675575256348e-04
6.595645099878311157e-04
6.528478115797042847e-04
6.462913006544113159e-04
6.402339786291122437e-04
6.337538361549377441e-04
6.277002394199371338e-04
6.218757480382919312e-04
6.161797791719436646e-04
6.104819476604461670e-04
6.049126386642456055e-04
5.992650985717773438e-04
5.941428244113922119e-04
5.889777094125747681e-04
5.841329693794250488e-04
5.789026618003845215e-04
5.740150809288024902e-04
5.692252889275550842e-04
5.644792690873146057e-04
5.597695708274841309e-04
5.553532391786575317e-04
5.509164184331893921e-04
5.465690046548843384e-04
5.422560498118400574e-04
5.382215604186058044e-04
5.336226895451545715e-04
5.297828465700149536e-04
5.257381126284599304e-04
5.218489095568656921e-04
5.182949826121330261e-04
5.143405869603157043e-04
5.107345059514045715e-04
5.067884922027587891e-04
5.034804344177246094e-04
4.996592178940773010e-04
4.965048283338546753e-04
4.925755783915519714e-04
4.892824217677116394e-04
4.862360656261444092e-04
4.825564101338386536e-04
4.793461412191390991e-04
4.762019962072372437e-04
4.730168730020523071e-04
4.695644602179527283e-04
4.663709551095962524e-04
4.632556810975074768e-04
4.600258544087409973e-04
4.573091864585876465e-04
4.540802910923957825e-04
4.513189196586608887e-04
4.483507946133613586e-04
4.453286528587341309e-04
4.422739148139953613e-04
4.390468820929527283e-04
4.363227635622024536e-04
4.334859549999237061e-04
4.303175956010818481e-04
4.275534301996231079e-04
4.250938072800636292e-04
4.219636321067810059e-04
4.191864281892776489e-04
4.161503165960311890e-04
4.136133939027786255e-04
4.103807732462882996e-04
4.078652709722518921e-04
4.051513969898223877e-04
4.022726789116859436e-04
3.993799909949302673e-04
3.963187336921691895e-04
3.935014829039573669e-04
3.908406943082809448e-04
3.880858421325683594e-04
3.852285444736480713e-04
3.824532032012939453e-04
3.795493394136428833e-04
3.767749294638633728e-04
3.738589584827423096e-04
3.711991012096405029e-04
3.682840615510940552e-04
3.651920706033706665e-04
3.626868128776550293e-04
3.594607114791870117e-04
3.567058593034744263e-04
3.537880256772041321e-04
3.508022055029869080e-04
3.480603918433189392e-04
3.447318449616432190e-04
3.421287983655929565e-04
3.391467034816741943e-04
3.361608833074569702e-04
3.328463062644004822e-04
3.303661942481994629e-04
3.270991146564483643e-04
3.239605575799942017e-04
3.212159499526023865e-04
3.181528300046920776e-04
3.147507086396217346e-04
3.116764128208160400e-04
3.088451921939849854e-04
3.057569265365600586e-04
3.026407212018966675e-04
2.994667738676071167e-04
2.963896840810775757e-04
2.932986244559288025e-04
2.902019768953323364e-04
2.868715673685073853e-04
2.835011109709739685e-04
2.803476527333259583e-04
2.772938460111618042e-04
2.740705385804176331e-04
2.706395462155342102e-04
2.672672271728515625e-04
2.641761675477027893e-04
2.609249204397201538e-04
2.579567953944206238e-04
2.543227747082710266e-04
2.507381141185760498e-04
2.475026994943618774e-04
2.442598342895507812e-04
2.404758706688880920e-04
2.374788746237754822e-04
2.340413630008697510e-04
2.307919785380363464e-04
2.271384000778198242e-04
2.238852903246879578e-04
2.203518524765968323e-04
2.168649807572364807e-04
2.133352681994438171e-04
2.099452540278434753e-04
2.066576853394508362e-04
2.031577751040458679e-04
1.996774226427078247e-04
1.961840316653251648e-04
1.927372068166732788e-04
1.892754808068275452e-04
1.859273761510848999e-04
1.822393387556076050e-04
1.788856461644172668e-04
1.752609387040138245e-04
1.717964187264442444e-04
1.684492453932762146e-04
1.642676070332527161e-04
1.612063497304916382e-04
1.580249518156051636e-04
1.540305092930793762e-04
1.506246626377105713e-04
1.468667760491371155e-04
1.435335725545883179e-04
1.399544999003410339e-04
1.365765929222106934e-04
1.333598047494888306e-04
1.297369599342346191e-04
1.262696459889411926e-04
1.224698498845100403e-04
1.194076612591743469e-04
1.156330108642578125e-04
1.119896769523620605e-04
1.087896525859832764e-04
1.056799665093421936e-04
1.018084585666656494e-04
9.825453162193298340e-05
9.510200470685958862e-05
9.180977940559387207e-05
8.838344365358352661e-05
8.506700396537780762e-05
8.148327469825744629e-05
7.822643965482711792e-05
7.507670670747756958e-05
7.184408605098724365e-05
6.831251084804534912e-05
6.525591015815734863e-05
6.162934005260467529e-05
5.815736949443817139e-05
5.493871867656707764e-05
5.224533379077911377e-05
4.879198968410491943e-05
4.591606557369232178e-05
4.257913678884506226e-05
3.978796303272247314e-05
3.620609641075134277e-05
3.355089575052261353e-05
3.029033541679382324e-05
2.743303775787353516e-05
2.455711364746093750e-05
2.156384289264678955e-05
1.865625381469726562e-05
1.590698957443237305e-05
1.277960836887359619e-05
1.015607267618179321e-05
7.340684533119201660e-06
4.718080163002014160e-06
2.007000148296356201e-06
-7.562339305877685547e-07
-3.520399332046508789e-06
-6.161630153656005859e-06
-8.516013622283935547e-06
-1.085363328456878662e-05
-1.356843858957290649e-05
-1.599919050931930542e-05
-1.811236143112182617e-05
-2.075359225273132324e-05
-2.302229404449462891e-05
-2.529658377170562744e-05
-2.689845860004425049e-05
-2.951174974441528320e-05
-3.179349005222320557e-05
-3.386288881301879883e-05
-3.575626760721206665e-05
-3.776047378778457642e-05
-3.980845212936401367e-05
-4.195421934127807617e-05
-4.325620830059051514e-05
-4.548951983451843262e-05
-4.705227911472320557e-05
-4.869047552347183228e-05
-5.050934851169586182e-05
-5.174800753593444824e-05
-5.315244197845458984e-05
-5.477666854858398438e-05
-5.611497908830642700e-05
-5.734525620937347412e-05
-5.895271897315979004e-05
-6.011594086885452271e-05
-6.098393350839614868e-05
-6.247591227293014526e-05
-6.316229701042175293e-05
-6.395671516656875610e-05
-6.502587348222732544e-05
-6.595533341169357300e-05
-6.651319563388824463e-05
-6.722379475831985474e-05
-6.825570017099380493e-05
-6.850808858871459961e-05
-6.928853690624237061e-05
-6.962846964597702026e-05
-6.982591003179550171e-05
-7.057096809148788452e-05
-7.061287760734558105e-05
-7.064081728458404541e-05
-7.080938667058944702e-05
-7.083360105752944946e-05
-7.081218063831329346e-05
-7.048249244689941406e-05
-7.022544741630554199e-05
-7.015187293291091919e-05
-6.973836570978164673e-05
-6.916839629411697388e-05
-6.882473826408386230e-05
-6.818585097789764404e-05
-6.771273910999298096e-05
-6.655789911746978760e-05
-6.597302854061126709e-05
-6.517581641674041748e-05
-6.407219916582107544e-05
-6.321817636489868164e-05
-6.195064634084701538e-05
-6.031338125467300415e-05
-5.923956632614135742e-05
-5.835667252540588379e-05
-5.671195685863494873e-05
-5.524978041648864746e-05
-5.315616726875305176e-05
-5.173776298761367798e-05
-5.015265196561813354e-05
-4.790443927049636841e-05
-4.599988460540771484e-05
-4.395097494125366211e-05
-4.197005182504653931e-05
-3.973022103309631348e-05
-3.744848072528839111e-05
-3.544520586729049683e-05
-3.261119127273559570e-05
-3.009382635354995728e-05
-2.713315188884735107e-05
-2.462510019540786743e-05
-2.227537333965301514e-05
-1.898128539323806763e-05
-1.624971628189086914e-05
-1.293700188398361206e-05
-9.856186807155609131e-06
-6.515532732009887695e-06
-3.193505108356475830e-06
2.579763531684875488e-07
3.558583557605743408e-06
7.493421435356140137e-06
1.131929457187652588e-05
1.461803913116455078e-05
1.879222691059112549e-05
2.268142998218536377e-05
2.639554440975189209e-05
3.054738044738769531e-05
3.494229167699813843e-05
3.920961171388626099e-05
4.383176565170288086e-05
4.807673394680023193e-05
5.298759788274765015e-05
5.747750401496887207e-05
6.209686398506164551e-05
6.694067269563674927e-05
7.212068885564804077e-05
7.717311382293701172e-05
8.226092904806137085e-05
8.747540414333343506e-05
9.281374514102935791e-05
9.825173765420913696e-05
1.035733148455619812e-04
1.095896586775779724e-04
1.151906326413154602e-04
1.208344474434852600e-04
1.264670863747596741e-04
1.323139294981956482e-04
1.383004710078239441e-04
1.444034278392791748e-04
1.507196575403213501e-04
1.568170264363288879e-04
1.634862273931503296e-04
1.696106046438217163e-04
1.762360334396362305e-04
1.827124506235122681e-04
1.892279833555221558e-04
1.961756497621536255e-04
2.031326293945312500e-04
2.101045101881027222e-04
2.175346016883850098e-04
2.242624759674072266e-04
2.317111939191818237e-04
2.387445420026779175e-04
2.463068813085556030e-04
2.534911036491394043e-04
2.615004777908325195e-04
2.688877284526824951e-04
2.771336585283279419e-04
2.846568822860717773e-04
2.928115427494049072e-04
3.007613122463226318e-04
3.086775541305541992e-04
3.167111426591873169e-04
3.251582384109497070e-04
3.336332738399505615e-04
3.419984132051467896e-04
3.505647182464599609e-04
3.589838743209838867e-04
3.676973283290863037e-04
3.768876194953918457e-04
3.852974623441696167e-04
3.943033516407012939e-04
4.030894488096237183e-04
4.123281687498092651e-04
4.215501248836517334e-04
4.307720810174942017e-04
4.403889179229736328e-04
4.494469612836837769e-04
4.591476172208786011e-04
4.686359316110610962e-04
4.781819880008697510e-04
4.879478365182876587e-04
4.979558289051055908e-04
5.079433321952819824e-04
5.177147686481475830e-04
5.279853940010070801e-04
5.380809307098388672e-04
5.485005676746368408e-04
5.586612969636917114e-04
5.690585821866989136e-04
5.794148892164230347e-04
5.901958793401718140e-04
6.007608026266098022e-04
6.115026772022247314e-04
6.223153322935104370e-04
6.334614008665084839e-04
6.442144513130187988e-04
6.557200103998184204e-04
6.666071712970733643e-04
6.778463721275329590e-04
6.892699748277664185e-04
7.008295506238937378e-04
7.123332470655441284e-04
7.240511476993560791e-04
7.355846464633941650e-04
7.476732134819030762e-04
7.594488561153411865e-04
7.712393999099731445e-04
7.833205163478851318e-04
7.956121116876602173e-04
8.080322295427322388e-04
8.203350007534027100e-04
8.323658257722854614e-04
8.453857153654098511e-04
8.581727743148803711e-04
8.704997599124908447e-04
8.837953209877014160e-04
8.968915790319442749e-04
9.094402194023132324e-04
9.230393916368484497e-04
9.364057332277297974e-04
9.498000144958496094e-04
9.631402790546417236e-04
9.767524898052215576e-04
9.904019534587860107e-04
1.004582270979881287e-03
1.018347218632698059e-03
1.032564789056777954e-03
1.046750694513320923e-03
1.061324030160903931e-03
1.075549051165580750e-03
1.090047881007194519e-03
1.104675233364105225e-03
1.119989901781082153e-03
1.134745776653289795e-03
1.149911433458328247e-03
1.165393739938735962e-03
1.180743798613548279e-03
1.196075230836868286e-03
1.211801543831825256e-03
1.227891072630882263e-03
1.244150102138519287e-03
1.259857788681983948e-03
1.276422291994094849e-03
1.292940229177474976e-03
1.309847459197044373e-03
1.326620578765869141e-03
1.343443989753723145e-03
1.360639929771423340e-03
1.377832144498825073e-03
1.395313069224357605e-03
1.413358375430107117e-03
1.430874690413475037e-03
1.449072733521461487e-03
1.467507332563400269e-03
1.485925167798995972e-03
1.504745334386825562e-03
1.523943617939949036e-03
1.542940735816955566e-03
1.562504097819328308e-03
1.581689342856407166e-03
1.601703464984893799e-03
1.621773466467857361e-03
1.642214134335517883e-03
1.662569120526313782e-03
1.683613285422325134e-03
1.704247668385505676e-03
1.725813373923301697e-03
1.747306436300277710e-03
1.769406720995903015e-03
1.791285350918769836e-03
1.813672482967376709e-03
1.836553215980529785e-03
1.859202980995178223e-03
1.882944256067276001e-03
1.906558871269226074e-03
1.930372789502143860e-03
1.954510807991027832e-03
1.979317516088485718e-03
2.003950998187065125e-03
2.029137685894966125e-03
2.054682001471519470e-03
2.080926671624183655e-03
2.106819301843643188e-03
2.134243026375770569e-03
2.160999923944473267e-03
2.188388258218765259e-03
2.216195687651634216e-03
2.244336530566215515e-03
2.273263409733772278e-03
2.302287146449089050e-03
2.331739291548728943e-03
2.361448481678962708e-03
2.392323687672615051e-03
2.422956749796867371e-03
2.454224973917007446e-03
2.486102283000946045e-03
2.518132328987121582e-03
2.551121637225151062e-03
2.584138885140419006e-03
2.617960795760154724e-03
2.652082592248916626e-03
2.687046304345130920e-03
2.722002565860748291e-03
2.758512273430824280e-03
2.794589847326278687e-03
2.831514924764633179e-03
2.868954092264175415e-03
2.907015383243560791e-03
2.946149557828903198e-03
2.985697239637374878e-03
3.025362268090248108e-03
3.066228702664375305e-03
3.107378259301185608e-03
3.149537369608879089e-03
3.192076459527015686e-03
3.235276788473129272e-03
3.279235213994979858e-03
3.323903307318687439e-03
3.369264304637908936e-03
3.415327519178390503e-03
3.462076187133789062e-03
3.509897738695144653e-03
3.558065742254257202e-03
3.607414662837982178e-03
3.657346591353416443e-03
3.708228468894958496e-03
3.759652376174926758e-03
3.811964765191078186e-03
3.865187987685203552e-03
3.919506445527076721e-03
3.974495455622673035e-03
4.030207172036170959e-03
4.086960107088088989e-03
4.144880920648574829e-03
4.203287884593009949e-03
4.263157024979591370e-03
4.323668777942657471e-03
4.385087639093399048e-03
4.447681829333305359e-03
4.511082544922828674e-03
4.575662314891815186e-03
4.641491919755935669e-03
4.707764834165573120e-03
4.775412380695343018e-03
4.844447597861289978e-03
4.914266988635063171e-03
4.985552281141281128e-03
5.057532340288162231e-03
5.130639299750328064e-03
5.204956978559494019e-03
5.280895158648490906e-03
5.357546731829643250e-03
5.435492843389511108e-03
5.514785647392272949e-03
5.595412105321884155e-03
5.677193403244018555e-03
5.760129541158676147e-03
5.844715982675552368e-03
5.930323153734207153e-03
6.017420440912246704e-03
6.105732172727584839e-03
6.195288151502609253e-03
6.286691874265670776e-03
6.379134953022003174e-03
6.473340094089508057e-03
6.568472832441329956e-03
6.665576249361038208e-03
6.764166057109832764e-03
6.863802671432495117e-03
6.965111941099166870e-03
7.068209350109100342e-03
7.172469049692153931e-03
7.278986275196075439e-03
7.386498153209686279e-03
7.495727390050888062e-03
7.606547325849533081e-03
7.718887180089950562e-03
7.833410054445266724e-03
7.949158549308776855e-03
8.067060261964797974e-03
8.186280727386474609e-03
8.307393640279769897e-03
8.430238813161849976e-03
8.554726839065551758e-03
8.681319653987884521e-03
8.809711784124374390e-03
8.939865976572036743e-03
9.072005748748779297e-03
9.205706417560577393e-03
9.341716766357421875e-03
9.479362517595291138e-03
9.619303047657012939e-03
9.760558605194091797e-03
9.904552251100540161e-03
1.005018129944801331e-02
1.019804179668426514e-02
1.034753024578094482e-02
1.049939170479774475e-02
1.065314561128616333e-02
1.080926880240440369e-02
1.096746325492858887e-02
1.112774387001991272e-02
1.129033416509628296e-02
1.145456731319427490e-02
1.162116602063179016e-02
1.179084926843643188e-02
1.196198537945747375e-02
1.213587448000907898e-02
1.231134310364723206e-02
1.248960942029953003e-02
1.267024129629135132e-02
1.285300403833389282e-02
1.303846016526222229e-02
1.322585344314575195e-02
1.341582462191581726e-02
1.360856741666793823e-02
1.380331814289093018e-02
1.400076597929000854e-02
1.420075073838233948e-02
1.440313830971717834e-02
1.460798457264900208e-02
1.481534913182258606e-02
1.502534374594688416e-02
1.523772254586219788e-02
1.545311510562896729e-02
1.567073538899421692e-02
1.589138060808181763e-02
1.611419022083282471e-02
1.634029671549797058e-02
1.656869798898696899e-02
1.680014282464981079e-02
1.703414693474769592e-02
1.727073639631271362e-02
1.751026511192321777e-02
1.775280013680458069e-02
1.799768581986427307e-02
1.824574172496795654e-02
1.849647983908653259e-02
1.875004917383193970e-02
1.900648325681686401e-02
1.926594227552413940e-02
1.952825859189033508e-02
1.979348435997962952e-02
2.006193622946739197e-02
2.033299952745437622e-02
2.060682699084281921e-02
2.088428661227226257e-02
2.116448059678077698e-02
2.144780755043029785e-02
2.173401415348052979e-02
2.202345803380012512e-02
2.231549099087715149e-02
2.261095494031906128e-02
2.290995419025421143e-02
2.321162074804306030e-02
2.351664379239082336e-02
2.382472902536392212e-02
2.413586899638175964e-02
2.445051819086074829e-02
2.476790919899940491e-02
2.508897334337234497e-02
2.541324868798255920e-02
2.574061602354049683e-02
2.607106417417526245e-02
2.640511095523834229e-02
2.674223482608795166e-02
2.708275988698005676e-02
2.742639183998107910e-02
2.777357026934623718e-02
2.812438458204269409e-02
2.847816795110702515e-02
2.883529663085937500e-02
2.919601276516914368e-02
2.955960109829902649e-02
2.992743998765945435e-02
3.029797226190567017e-02
3.067234158515930176e-02
3.105008974671363831e-02
3.143133595585823059e-02
3.181561827659606934e-02
3.220356628298759460e-02
3.259522095322608948e-02
3.299028798937797546e-02
3.338864073157310486e-02
3.379089012742042542e-02
3.419636189937591553e-02
3.460510075092315674e-02
3.501805663108825684e-02
3.543362393975257874e-02
3.585394099354743958e-02
3.627693280577659607e-02
3.670397773385047913e-02
3.713404014706611633e-02
3.756797686219215393e-02
3.800527751445770264e-02
3.844644129276275635e-02
3.889104351401329041e-02
3.933905437588691711e-02
3.979082033038139343e-02
4.024621844291687012e-02
4.070556908845901489e-02
4.116800427436828613e-02
4.163456708192825317e-02
4.210408031940460205e-02
4.257776960730552673e-02
4.305468127131462097e-02
4.353558644652366638e-02
4.401988536119461060e-02
4.450804367661476135e-02
4.499955102801322937e-02
4.549457505345344543e-02
4.599329456686973572e-02
4.649610072374343872e-02
4.700190573930740356e-02
4.751128330826759338e-02
4.802461713552474976e-02
4.854140430688858032e-02
4.906198009848594666e-02
4.958614334464073181e-02
5.011370033025741577e-02
5.064484477043151855e-02
5.117979645729064941e-02
5.171830952167510986e-02
5.226027965545654297e-02
5.280561372637748718e-02
5.335468053817749023e-02
5.390756949782371521e-02
5.446361377835273743e-02
5.502308532595634460e-02
5.558644235134124756e-02
5.615335330367088318e-02
5.672326311469078064e-02
5.729744583368301392e-02
5.787437781691551208e-02
5.845528841018676758e-02
5.903927236795425415e-02
5.962651968002319336e-02
6.021793559193611145e-02
6.081210076808929443e-02
6.141015514731407166e-02
6.201096624135971069e-02
6.261596083641052246e-02
6.322367489337921143e-02
6.383491307497024536e-02
6.444926559925079346e-02
6.506735831499099731e-02
6.568849086761474609e-02
6.631261110305786133e-02
6.694066524505615234e-02
6.757137179374694824e-02
6.820550560951232910e-02
6.884261965751647949e-02
6.948297470808029175e-02
7.012674957513809204e-02
7.077291607856750488e-02
7.142259180545806885e-02
7.207567989826202393e-02
7.273104786872863770e-02
7.338996231555938721e-02
7.405206561088562012e-02
7.471694052219390869e-02
7.538460195064544678e-02
7.605491578578948975e-02
7.672904431819915771e-02
7.740525901317596436e-02
7.808436453342437744e-02
7.876652479171752930e-02
7.945129275321960449e-02
8.013899624347686768e-02
8.082918822765350342e-02
8.152200281620025635e-02
8.221738040447235107e-02
8.291566371917724609e-02
8.361679315567016602e-02
8.431999385356903076e-02
8.502583205699920654e-02
8.573438227176666260e-02
8.644540607929229736e-02
8.715832233428955078e-02
8.787404000759124756e-02
8.859220147132873535e-02
8.931255340576171875e-02
9.003506600856781006e-02
9.076052904129028320e-02
9.148757159709930420e-02
9.221689403057098389e-02
9.294822812080383301e-02
9.368200600147247314e-02
9.441782534122467041e-02
9.515546262264251709e-02
9.589537978172302246e-02
9.663753211498260498e-02
9.738118946552276611e-02
9.812653064727783203e-02
9.887422621250152588e-02
9.962360560894012451e-02
1.003748923540115356e-01
1.011276692152023315e-01
1.018827408552169800e-01
1.026387512683868408e-01
1.033966839313507080e-01
1.041565388441085815e-01
1.049174070358276367e-01
1.056803762912750244e-01
1.064443737268447876e-01
1.072100698947906494e-01
1.079773753881454468e-01
1.087459772825241089e-01
1.095158010721206665e-01
1.102867573499679565e-01
1.110595017671585083e-01
1.118325889110565186e-01
1.126080304384231567e-01
1.133840680122375488e-01
1.141614764928817749e-01
1.149398833513259888e-01
1.157191097736358643e-01
1.164994388818740845e-01
1.172805577516555786e-01
1.180629879236221313e-01
1.188461333513259888e-01
1.196302324533462524e-01
1.204150766134262085e-01
1.212009191513061523e-01
1.219874173402786255e-01
1.227745562791824341e-01
1.235620975494384766e-01
1.243504881858825684e-01
1.251399368047714233e-01
1.259295940399169922e-01
1.267196536064147949e-01
1.275110244750976562e-01
1.283021271228790283e-01
1.290934830904006958e-01
1.298855096101760864e-01
1.306781172752380371e-01
1.314710527658462524e-01
1.322642415761947632e-01
1.330578923225402832e-01
1.338512599468231201e-01
1.346449553966522217e-01
1.354393064975738525e-01
1.362332701683044434e-01
1.370278000831604004e-01
1.378221362829208374e-01
1.386167109012603760e-01
1.394110918045043945e-01
1.402054280042648315e-01
1.409998387098312378e-01
1.417940557003021240e-01
1.425885260105133057e-01
1.433823704719543457e-01
1.441760659217834473e-01
1.449700593948364258e-01
1.457634270191192627e-01
1.465569734573364258e-01
1.473497003316879272e-01
1.481423825025558472e-01
1.489347219467163086e-01
1.497267931699752808e-01
1.505182683467864990e-01
1.513094156980514526e-01
1.520997583866119385e-01
1.528899967670440674e-01
1.536797583103179932e-01
1.544691622257232666e-01
1.552578061819076538e-01
1.560455113649368286e-01
1.568332314491271973e-01
1.576201170682907104e-01
1.584063768386840820e-01
1.591917276382446289e-01
1.599766463041305542e-01
1.607608795166015625e-01
1.615439355373382568e-01
1.623271107673645020e-01
1.631084382534027100e-01
1.638896763324737549e-01
1.646696180105209351e-01
1.654490679502487183e-01
1.662276089191436768e-01
1.670049428939819336e-01
1.677814424037933350e-01
1.685571670532226562e-01
1.693318486213684082e-01
1.701056659221649170e-01
1.708783507347106934e-01
1.716499477624893188e-01
1.724208742380142212e-01
1.731902062892913818e-01
1.739583611488342285e-01
1.747258305549621582e-01
1.754921674728393555e-01
1.762572526931762695e-01
1.770210862159729004e-01
1.777840256690979004e-01
1.785453259944915771e-01
1.793055534362792969e-01
1.800647675991058350e-01
1.808229088783264160e-01
1.815789192914962769e-01
1.823342591524124146e-01
1.830884218215942383e-01
1.838412284851074219e-01
1.845920681953430176e-01
1.853425204753875732e-01
1.860907375812530518e-01
1.868381500244140625e-01
1.875840425491333008e-01
1.883282959461212158e-01
1.890713572502136230e-01
1.898125261068344116e-01
1.905528008937835693e-01
1.912914067506790161e-01
1.920288056135177612e-01
1.927640140056610107e-01
1.934976130723953247e-01
1.942304372787475586e-01
1.949615329504013062e-01
1.956909298896789551e-01
1.964186429977416992e-01
1.971447616815567017e-01
1.978695392608642578e-01
1.985925436019897461e-01
1.993139386177062988e-01
2.000335752964019775e-01
2.007519751787185669e-01
2.014682143926620483e-01
2.021830379962921143e-01
2.028964161872863770e-01
2.036077976226806641e-01
2.043174803256988525e-01
2.050257921218872070e-01
2.057318985462188721e-01
2.064365446567535400e-01
2.071396261453628540e-01
2.078408598899841309e-01
2.085401862859725952e-01
2.092379629611968994e-01
2.099339663982391357e-01
2.106280326843261719e-01
2.113205045461654663e-01
2.120110541582107544e-01
2.127003222703933716e-01
2.133874595165252686e-01
2.140727043151855469e-01
2.147561162710189819e-01
2.154382616281509399e-01
2.161183357238769531e-01
2.167965471744537354e-01
2.174729704856872559e-01
2.181478440761566162e-01
2.188208103179931641e-01
2.194922715425491333e-01
2.201617956161499023e-01
2.208294570446014404e-01
2.214954197406768799e-01
2.221597433090209961e-01
2.228220105171203613e-01
2.234830260276794434e-01
2.241418063640594482e-01
2.247992157936096191e-01
2.254551947116851807e-01
2.261093556880950928e-01
2.267613708972930908e-01
2.274125218391418457e-01
2.280612587928771973e-01
2.287085950374603271e-01
2.293545901775360107e-01
2.299986779689788818e-01
2.306412458419799805e-01
2.312824726104736328e-01
2.319221794605255127e-01
2.325601130723953247e-01
2.331966459751129150e-01
2.338316291570663452e-01
2.344654202461242676e-01
2.350977957248687744e-01
2.357285618782043457e-01
2.363580167293548584e-01
2.369862794876098633e-01
2.376133054494857788e-01
2.382385432720184326e-01
2.388626933097839355e-01
2.394859939813613892e-01
2.401079237461090088e-01
2.407287955284118652e-01
2.413483262062072754e-01
2.419667541980743408e-01
2.425841391086578369e-01
2.432008832693099976e-01
2.438157796859741211e-01
2.444302141666412354e-01
2.450442612171173096e-01
2.456563264131546021e-01
2.462686300277709961e-01
2.468792945146560669e-01
2.474893331527709961e-01
2.480988055467605591e-01
2.487074732780456543e-01
2.493150234222412109e-01
2.499225139617919922e-01
2.505290806293487549e-01
2.511352896690368652e-01
2.517407238483428955e-01
2.523458003997802734e-01
2.529499232769012451e-01
2.535540163516998291e-01
2.541578114032745361e-01
2.547608911991119385e-01
2.553640902042388916e-01
2.559664547443389893e-01
2.565688490867614746e-01
2.571710944175720215e-01
2.577727735042572021e-01
2.583750486373901367e-01
2.589767277240753174e-01
2.595785558223724365e-01
2.601802647113800049e-01
2.607822418212890625e-01
2.613844871520996094e-01
2.619869112968444824e-01
2.625894248485565186e-01
2.631929814815521240e-01
2.637967467308044434e-01
2.644013464450836182e-01
2.650066316127777100e-01
2.656127214431762695e-01
2.662204504013061523e-01
2.668289542198181152e-01
2.674390673637390137e-01
2.680507004261016846e-01
2.686643302440643311e-01
2.692800164222717285e-01
2.698982059955596924e-01
2.705193758010864258e-01
2.711431384086608887e-01
2.717704474925994873e-01
2.724013924598693848e-01
2.730365097522735596e-01
2.736762762069702148e-01
2.743206024169921875e-01
2.749709784984588623e-01
2.756274342536926270e-01
2.762903869152069092e-01
2.769604921340942383e-01
2.776389420032501221e-01
2.783259749412536621e-01
2.790223360061645508e-01
2.797290086746215820e-01
2.804466485977172852e-01
2.811760604381561279e-01
2.819189727306365967e-01
2.826756834983825684e-01
2.834471166133880615e-01
2.842348814010620117e-01
2.850399613380432129e-01
2.858638167381286621e-01
2.867074608802795410e-01
2.875722944736480713e-01
2.884597182273864746e-01
2.893709838390350342e-01
2.903082072734832764e-01
2.912733852863311768e-01
2.922667264938354492e-01
2.932915985584259033e-01
2.943481206893920898e-01
2.954400777816772461e-01
2.965680360794067383e-01
2.977348566055297852e-01
2.989421486854553223e-01
3.001921772956848145e-01
3.014874458312988281e-01
3.028302192687988281e-01
3.042224645614624023e-01
3.056668937206268311e-01
3.071672022342681885e-01
3.087245225906372070e-01
3.103422522544860840e-01
3.120230138301849365e-01
3.137699961662292480e-01
3.155852556228637695e-01
3.174734413623809814e-01
3.194361627101898193e-01
3.214781880378723145e-01
3.236011266708374023e-01
3.258096575736999512e-01
3.281072378158569336e-01
3.304967284202575684e-01
3.329824805259704590e-01
3.355692923069000244e-01
3.382596075534820557e-01
3.410595655441284180e-01
3.439719676971435547e-01
3.470016121864318848e-01
3.501539230346679688e-01
3.534331321716308594e-01
3.568446040153503418e-01
3.603937029838562012e-01
3.640860617160797119e-01
3.679279685020446777e-01
3.719258308410644531e-01
3.760848045349121094e-01
3.804124891757965088e-01
3.849155604839324951e-01
3.896012306213378906e-01
3.944757580757141113e-01
3.995487093925476074e-01
4.048266410827636719e-01
4.103201031684875488e-01
4.160310626029968262e-01
4.219744801521301270e-01
4.281544685363769531e-01
4.345787167549133301e-01
4.412559270858764648e-01
4.481930732727050781e-01
4.553955793380737305e-01
4.628680050373077393e-01
4.706170558929443359e-01
4.786430895328521729e-01
4.869487583637237549e-01
4.955354928970336914e-01
5.043979883193969727e-01
5.135377049446105957e-01
5.229451060295104980e-01
5.326128602027893066e-01
5.425323843955993652e-01
5.526891350746154785e-01
5.630704164505004883e-01
5.736566781997680664e-01
5.844306349754333496e-01
5.953682065010070801e-01
6.064534783363342285e-01
6.176555752754211426e-01
6.289537549018859863e-01
6.403213143348693848e-01
6.517304182052612305e-01
6.631554961204528809e-01
6.745712161064147949e-01
6.859496831893920898e-01
6.972677111625671387e-01
7.084990739822387695e-01
7.196210622787475586e-01
7.306143045425415039e-01
7.414540648460388184e-01
7.521260380744934082e-01
7.626098990440368652e-01
7.728903889656066895e-01
7.829542756080627441e-01
7.927888631820678711e-01
8.023855686187744141e-01
8.117343187332153320e-01
8.208287954330444336e-01
8.296597599983215332e-01
8.382262587547302246e-01
8.465206027030944824e-01
8.545464277267456055e-01
8.622982501983642578e-01
8.697783946990966797e-01
8.769839406013488770e-01
8.839201927185058594e-01
8.905876874923706055e-01
8.969886302947998047e-01
9.031257033348083496e-01
9.090054035186767578e-01
9.146302938461303711e-01
9.200049638748168945e-01
9.251360297203063965e-01
9.300245642662048340e-01
9.346776604652404785e-01
9.391027092933654785e-01
9.433012604713439941e-01
9.472811818122863770e-01
9.510481953620910645e-01
9.546080231666564941e-01
9.579653143882751465e-01
9.611272215843200684e-01
9.640960097312927246e-01
9.668799042701721191e-01
9.694845080375671387e-01
9.719128608703613281e-01
9.741722345352172852e-01
9.762679338455200195e-01
9.782041311264038086e-01
9.799856543540954590e-01
9.816187024116516113e-01
9.831053018569946289e-01
9.844539761543273926e-01
9.856663942337036133e-01
9.867476820945739746e-01
9.877023696899414062e-01
9.885336756706237793e-01
9.892478585243225098e-01
9.898472428321838379e-01
9.903365373611450195e-01
9.907191395759582520e-01
9.909985065460205078e-01
9.911784529685974121e-01
9.912630319595336914e-01
9.912552833557128906e-01
9.911577105522155762e-01
