-4.615147784352302551e-02
-4.301276430487632751e-02
-3.980906680226325989e-02
-3.653811290860176086e-02
-3.319593518972396851e-02
-2.978777140378952026e-02
-2.630795724689960480e-02
-2.275797724723815918e-02
-1.913301646709442139e-02
-1.543550752103328705e-02
-1.166206318885087967e-02
-7.817500270903110504e-03
-3.892875276505947113e-03
1.075783438864164054e-04
4.188517574220895767e-03
8.348671719431877136e-03
1.258793659508228302e-02
1.690837182104587555e-02
2.131532877683639526e-02
2.580456808209419250e-02
3.037910722196102142e-02
3.504174947738647461e-02
3.979430347681045532e-02
4.463067278265953064e-02
4.956144094467163086e-02
5.458105728030204773e-02
5.969640240073204041e-02
6.490566581487655640e-02
7.020933926105499268e-02
7.560884207487106323e-02
8.110756427049636841e-02
8.670560270547866821e-02
9.240455925464630127e-02
9.820912778377532959e-02
1.041134446859359741e-01
1.101261451840400696e-01
1.162432357668876648e-01
1.224713549017906189e-01
1.288060843944549561e-01
1.352563947439193726e-01
1.418156027793884277e-01
1.484922915697097778e-01
1.552827954292297363e-01
1.621927767992019653e-01
1.692229956388473511e-01
1.763738691806793213e-01
1.836445927619934082e-01
1.910442560911178589e-01
1.985670328140258789e-01
2.062194794416427612e-01
2.140035331249237061e-01
2.219170331954956055e-01
2.299637496471405029e-01
2.381440550088882446e-01
2.464679479598999023e-01
2.549270093441009521e-01
2.635268867015838623e-01
2.722700834274291992e-01
2.811596691608428955e-01
2.901971936225891113e-01
2.993849515914916992e-01
3.087232708930969238e-01
3.182121813297271729e-01
3.278602957725524902e-01
3.376650512218475342e-01
3.476318717002868652e-01
3.577587902545928955e-01
3.680527508258819580e-01
3.785118162631988525e-01
3.891424834728240967e-01
3.999393582344055176e-01
4.109172523021697998e-01
4.220679998397827148e-01
4.334020018577575684e-01
4.449114203453063965e-01
4.566108882427215576e-01
4.684964716434478760e-01
4.805711507797241211e-01
4.928358793258666992e-01
5.052963495254516602e-01
5.179563164710998535e-01
5.308119654655456543e-01
5.438770055770874023e-01
5.571469068527221680e-01
5.706236958503723145e-01
5.843130350112915039e-01
5.982174873352050781e-01
6.123411059379577637e-01
6.266854405403137207e-01
6.412494778633117676e-01
6.560456752777099609e-01
6.710762381553649902e-01
6.863328218460083008e-01
7.018311023712158203e-01
7.175692915916442871e-01
7.335510849952697754e-01
7.497797608375549316e-01
7.662549614906311035e-01
7.829902768135070801e-01
7.999826073646545410e-01
8.172371387481689453e-01
8.347559571266174316e-01
8.525406718254089355e-01
8.706037998199462891e-01
8.889403939247131348e-01
9.075558781623840332e-01
9.264562129974365234e-01
9.456490278244018555e-01
9.651344418525695801e-01
9.849073290824890137e-01
1.004986286163330078e+00
1.025373935699462891e+00
1.046070218086242676e+00
1.067074894905090332e+00
1.088404417037963867e+00
1.110053777694702148e+00
1.132029771804809570e+00
1.154333949089050293e+00
1.176976084709167480e+00
1.199962615966796875e+00
1.223294377326965332e+00
1.246976613998413086e+00
1.271012544631958008e+00
1.295412421226501465e+00
1.320171952247619629e+00
1.345311164855957031e+00
1.370816826820373535e+00
1.396711349487304688e+00
1.422985911369323730e+00
1.449653387069702148e+00
1.476720809936523438e+00
1.504194617271423340e+00
1.532076835632324219e+00
1.560368776321411133e+00
1.589082598686218262e+00
1.618221044540405273e+00
1.647796273231506348e+00
1.677808523178100586e+00
1.708258152008056641e+00
1.739163160324096680e+00
1.770525455474853516e+00
1.802356481552124023e+00
1.834645509719848633e+00
1.867418408393859863e+00
1.900669932365417480e+00
1.934411883354187012e+00
1.968653082847595215e+00
2.003392696380615234e+00
2.038647890090942383e+00
2.074416875839233398e+00
2.110715866088867188e+00
2.147540569305419922e+00
2.184906482696533203e+00
2.222818613052368164e+00
2.261280298233032227e+00
2.300310850143432617e+00
2.339909553527832031e+00
2.380087137222290039e+00
2.420846223831176758e+00
2.462203502655029297e+00
2.504158020019531250e+00
2.546727895736694336e+00
2.589911699295043945e+00
2.633724451065063477e+00
2.678170919418334961e+00
2.723268270492553711e+00
2.769016265869140625e+00
2.815430879592895508e+00
2.862503290176391602e+00
2.910268783569335938e+00
2.958719491958618164e+00
3.007871389389038086e+00
3.057735681533813477e+00
3.108311891555786133e+00
3.159623146057128906e+00
3.211671590805053711e+00
3.264466762542724609e+00
3.318024158477783203e+00
3.372350692749023438e+00
3.427457332611083984e+00
3.483349561691284180e+00
3.540052413940429688e+00
3.597563505172729492e+00
3.655899047851562500e+00
3.715067625045776367e+00
3.775083303451538086e+00
3.835954189300537109e+00
3.897692680358886719e+00
3.960319995880126953e+00
4.023831367492675781e+00
4.088257312774658203e+00
4.153601646423339844e+00
4.219861507415771484e+00
4.287068367004394531e+00
4.355240821838378906e+00
4.424367427825927734e+00
4.494481086730957031e+00
4.565594196319580078e+00
4.637715816497802734e+00
4.710846424102783203e+00
4.785017967224121094e+00
4.860231399536132812e+00
4.936515331268310547e+00
5.013870716094970703e+00
5.092319488525390625e+00
5.171875000000000000e+00
5.252552986145019531e+00
5.334356307983398438e+00
5.417322635650634766e+00
5.501446247100830078e+00
5.586754322052001953e+00
5.673254489898681641e+00
5.760957241058349609e+00
5.849909305572509766e+00
5.940096378326416016e+00
6.031540870666503906e+00
6.124262809753417969e+00
6.218281745910644531e+00
6.313610076904296875e+00
6.410264015197753906e+00
6.508275985717773438e+00
6.607642173767089844e+00
6.708389282226562500e+00
6.810543537139892578e+00
6.914103031158447266e+00
7.019097328186035156e+00
7.125550270080566406e+00
7.233472347259521484e+00
7.342885494232177734e+00
7.453808307647705078e+00
7.566274642944335938e+00
7.680284023284912109e+00
7.795849323272705078e+00
7.913011550903320312e+00
8.031788825988769531e+00
8.152194976806640625e+00
8.274241447448730469e+00
8.397968292236328125e+00
8.523389816284179688e+00
8.650526046752929688e+00
8.779399871826171875e+00
8.910005569458007812e+00
9.042422294616699219e+00
9.176620483398437500e+00
9.312644958496093750e+00
9.450502395629882812e+00
9.590255737304687500e+00
9.731889724731445312e+00
9.875443458557128906e+00
1.002091217041015625e+01
1.016835594177246094e+01
1.031780242919921875e+01
1.046923923492431641e+01
1.062271022796630859e+01
1.077822780609130859e+01
1.093585205078125000e+01
1.109557723999023438e+01
1.125743865966796875e+01
1.142144775390625000e+01
1.158764171600341797e+01
1.175604724884033203e+01
1.192668437957763672e+01
1.209957981109619141e+01
1.227476787567138672e+01
1.245226669311523438e+01
1.263210487365722656e+01
1.281430149078369141e+01
1.299888801574707031e+01
1.318590450286865234e+01
1.337536621093750000e+01
1.356729602813720703e+01
1.376173019409179688e+01
1.395870113372802734e+01
1.415821647644042969e+01
1.436032676696777344e+01
1.456501960754394531e+01
1.477238082885742188e+01
1.498240947723388672e+01
1.519511222839355469e+01
1.541055774688720703e+01
1.562874507904052734e+01
1.584972858428955078e+01
1.607347869873046875e+01
1.630009651184082031e+01
1.652959442138671875e+01
1.676196670532226562e+01
1.699723052978515625e+01
1.723548889160156250e+01
1.747671890258789062e+01
1.772093582153320312e+01
1.796818733215332031e+01
1.821853828430175781e+01
1.847194099426269531e+01
1.872847557067871094e+01
1.898814201354980469e+01
1.925099372863769531e+01
1.951704978942871094e+01
1.978633689880371094e+01
2.005888748168945312e+01
2.033468627929687500e+01
2.061383056640625000e+01
2.089626121520996094e+01
2.118210220336914062e+01
2.147133064270019531e+01
2.176395034790039062e+01
2.206001091003417969e+01
2.235953140258789062e+01
2.266252517700195312e+01
2.296907043457031250e+01
2.327912902832031250e+01
2.359270286560058594e+01
2.390993309020996094e+01
2.423070335388183594e+01
2.455510330200195312e+01
2.488316726684570312e+01
2.521489524841308594e+01
2.555026626586914062e+01
2.588934516906738281e+01
2.623218917846679688e+01
2.657870674133300781e+01
2.692901420593261719e+01
2.728308486938476562e+01
2.764093208312988281e+01
2.800256347656250000e+01
2.836802291870117188e+01
2.873728179931640625e+01
2.911036300659179688e+01
2.948733329772949219e+01
2.986812019348144531e+01
3.025275993347167969e+01
3.064126968383789062e+01
3.103364944458007812e+01
3.142989921569824219e+01
3.183000183105468750e+01
3.223400497436523438e+01
3.264184951782226562e+01
3.305361938476562500e+01
3.346924972534179688e+01
3.388874816894531250e+01
3.431210708618164062e+01
3.473928451538085938e+01
3.517032241821289062e+01
3.560523223876953125e+01
3.604391098022460938e+01
3.648643875122070312e+01
3.693273544311523438e+01
3.738283538818359375e+01
3.783668136596679688e+01
3.829427337646484375e+01
3.875555419921875000e+01
3.922053146362304688e+01
3.968914794921875000e+01
4.016139984130859375e+01
4.063731002807617188e+01
4.111673355102539062e+01
4.159969329833984375e+01
4.208617401123046875e+01
4.257607269287109375e+01
4.306941604614257812e+01
4.356610488891601562e+01
4.406614303588867188e+01
4.456944656372070312e+01
4.507600021362304688e+01
4.558567047119140625e+01
4.609852600097656250e+01
4.661440277099609375e+01
4.713328933715820312e+01
4.765513610839843750e+01
4.817981338500976562e+01
4.870733642578125000e+01
4.923758316040039062e+01
4.977049636840820312e+01
5.030602264404296875e+01
5.084402465820312500e+01
5.138447952270507812e+01
5.192729187011718750e+01
5.247237777709960938e+01
5.301964187622070312e+01
5.356904220581054688e+01
5.412038421630859375e+01
5.467366027832031250e+01
5.522875976562500000e+01
5.578554916381835938e+01
5.634399795532226562e+01
5.690394592285156250e+01
5.746529769897460938e+01
5.802795410156250000e+01
5.859178161621093750e+01
5.915671157836914062e+01
5.972259521484375000e+01
6.028932189941406250e+01
6.085675811767578125e+01
6.142481994628906250e+01
6.199338531494140625e+01
6.256226348876953125e+01
6.313138580322265625e+01
6.370064163208007812e+01
6.426980590820312500e+01
6.483885192871093750e+01
6.540756988525390625e+01
6.597589874267578125e+01
6.654361724853515625e+01
6.711064910888671875e+01
6.767679595947265625e+01
6.824196624755859375e+01
6.880593109130859375e+01
6.936869812011718750e+01
6.992993164062500000e+01
7.048965454101562500e+01
7.104755401611328125e+01
7.160369873046875000e+01
7.215769195556640625e+01
7.270947265625000000e+01
7.325895690917968750e+01
7.380592346191406250e+01
7.435018157958984375e+01
7.489166259765625000e+01
7.543012237548828125e+01
7.596546936035156250e+01
7.649749755859375000e+01
7.702610778808593750e+01
7.755104064941406250e+01
7.807225799560546875e+01
7.858945465087890625e+01
7.910261535644531250e+01
7.961148834228515625e+01
8.011600494384765625e+01
8.061583709716796875e+01
8.111101531982421875e+01
8.160122680664062500e+01
8.208641815185546875e+01
8.256642913818359375e+01
8.304106903076171875e+01
8.351013183593750000e+01
8.397353363037109375e+01
8.443111419677734375e+01
8.488271331787109375e+01
8.532822418212890625e+01
8.576741027832031250e+01
8.620018005371093750e+01
8.662638854980468750e+01
8.704585266113281250e+01
8.745849609375000000e+01
8.786418151855468750e+01
8.826271057128906250e+01
8.865398406982421875e+01
8.903788757324218750e+01
8.941432952880859375e+01
8.978309631347656250e+01
9.014409637451171875e+01
9.049724578857421875e+01
9.084248352050781250e+01
9.117956542968750000e+01
9.150847625732421875e+01
9.182904815673828125e+01
9.214134216308593750e+01
9.244510650634765625e+01
9.274031829833984375e+01
9.302690887451171875e+01
9.330477142333984375e+01
9.357378387451171875e+01
9.383404541015625000e+01
9.408528137207031250e+01
9.432762908935546875e+01
9.456093597412109375e+01
9.478518676757812500e+01
9.500021362304687500e+01
9.520622253417968750e+01
9.540298461914062500e+01
9.559056854248046875e+01
9.576891326904296875e+01
9.593804931640625000e+01
9.609793090820312500e+01
9.624860382080078125e+01
9.639006805419921875e+01
9.652224731445312500e+01
9.664527130126953125e+01
9.675909423828125000e+01
9.686384582519531250e+01
9.695939636230468750e+01
9.704591369628906250e+01
9.712343597412109375e+01
9.719193267822265625e+01
9.725152587890625000e+01
9.730229187011718750e+01
9.734426116943359375e+01
9.737754821777343750e+01
9.740217590332031250e+01
9.741824340820312500e+01
9.742583465576171875e+01
9.742513275146484375e+01
9.741609954833984375e+01
9.739893341064453125e+01
9.737367248535156250e+01
9.734048461914062500e+01
9.729942321777343750e+01
9.725067901611328125e+01
9.719427490234375000e+01
9.713050842285156250e+01
9.705929565429687500e+01
9.698094177246093750e+01
9.689546203613281250e+01
9.680297088623046875e+01
9.670375823974609375e+01
9.659786987304687500e+01
9.648536682128906250e+01
9.636656951904296875e+01
9.624148559570312500e+01
9.611032104492187500e+01
9.597322082519531250e+01
9.583033752441406250e+01
9.568174743652343750e+01
9.552771759033203125e+01
9.536827087402343750e+01
9.520373535156250000e+01
9.503403472900390625e+01
9.485952758789062500e+01
9.468025207519531250e+01
9.449636077880859375e+01
9.430803680419921875e+01
9.411544799804687500e+01
9.391861724853515625e+01
9.371786499023437500e+01
9.351319885253906250e+01
9.330487823486328125e+01
9.309291076660156250e+01
9.287756347656250000e+01
9.265887451171875000e+01
9.243710327148437500e+01
9.221222686767578125e+01
9.198449707031250000e+01
9.175403594970703125e+01
9.152091979980468750e+01
9.128530120849609375e+01
9.104732513427734375e+01
9.080706787109375000e+01
9.056471252441406250e+01
9.032028198242187500e+01
9.007398223876953125e+01
8.982588958740234375e+01
8.957614898681640625e+01
8.932480621337890625e+01
8.907202911376953125e+01
8.881782531738281250e+01
8.856239318847656250e+01
8.830581665039062500e+01
8.804813385009765625e+01
8.778946685791015625e+01
8.752990722656250000e+01
8.726960754394531250e+01
8.700851440429687500e+01
8.674681091308593750e+01
8.648454284667968750e+01
8.622180175781250000e+01
8.595860290527343750e+01
8.569511413574218750e+01
8.543133544921875000e+01
8.516738128662109375e+01
8.490332031250000000e+01
8.463912963867187500e+01
8.437491607666015625e+01
8.411080932617187500e+01
8.384675598144531250e+01
8.358289337158203125e+01
8.331921386718750000e+01
8.305583953857421875e+01
8.279269409179687500e+01
8.252997589111328125e+01
8.226764678955078125e+01
8.200572967529296875e+01
8.174429321289062500e+01
8.148338317871093750e+01
8.122305297851562500e+01
8.096328735351562500e+01
8.070415496826171875e+01
8.044569396972656250e+01
8.018792724609375000e+01
7.993087005615234375e+01
7.967457580566406250e+01
7.941907501220703125e+01
7.916439056396484375e+01
7.891046142578125000e+01
7.865745544433593750e+01
7.840530395507812500e+01
7.815402221679687500e+01
7.790368652343750000e+01
7.765428161621093750e+01
7.740583038330078125e+01
7.715837097167968750e+01
7.691186523437500000e+01
7.666638183593750000e+01
7.642190551757812500e+01
7.617846679687500000e+01
7.593606567382812500e+01
7.569472503662109375e+01
7.545448303222656250e+01
7.521530151367187500e+01
7.497721099853515625e+01
7.474020385742187500e+01
7.450427246093750000e+01
7.426951599121093750e+01
7.403585815429687500e+01
7.380332183837890625e+01
7.357192230224609375e+01
7.334169006347656250e+01
7.311257171630859375e+01
7.288461303710937500e+01
7.265784454345703125e+01
7.243221282958984375e+01
7.220774841308593750e+01
7.198443603515625000e+01
7.176229858398437500e+01
7.154135894775390625e+01
7.132158660888671875e+01
7.110296630859375000e+01
7.088553619384765625e+01
7.066932678222656250e+01
7.045426177978515625e+01
7.024039459228515625e+01
7.002769470214843750e+01
6.981616973876953125e+01
6.960585784912109375e+01
6.939669799804687500e+01
6.918874359130859375e+01
6.898194122314453125e+01
6.877635955810546875e+01
6.857192993164062500e+01
6.836869812011718750e+01
6.816661071777343750e+01
6.796571350097656250e+01
6.776601409912109375e+01
6.756742858886718750e+01
6.737004852294921875e+01
6.717381286621093750e+01
6.697875976562500000e+01
6.678486633300781250e+01
6.659214019775390625e+01
6.640053558349609375e+01
6.621007537841796875e+01
6.602079772949218750e+01
6.583264923095703125e+01
6.564563751220703125e+01
6.545977020263671875e+01
6.527502441406250000e+01
6.509141540527343750e+01
6.490894317626953125e+01
6.472760772705078125e+01
6.454733276367187500e+01
6.436823272705078125e+01
6.419023132324218750e+01
6.401330566406250000e+01
6.383748626708984375e+01
6.366278076171875000e+01
6.348916244506835938e+01
6.331661987304687500e+01
6.314516067504882812e+01
6.297478485107421875e+01
6.280548477172851562e+01
6.263726425170898438e+01
6.247010040283203125e+01
6.230398941040039062e+01
6.213892745971679688e+01
6.197492980957031250e+01
6.181195831298828125e+01
6.165002441406250000e+01
6.148915100097656250e+01
6.132927703857421875e+01
6.117043304443359375e+01
6.101260375976562500e+01
6.085579299926757812e+01
6.070000076293945312e+01
6.054519271850585938e+01
6.039138031005859375e+01
6.023856353759765625e+01
6.008671951293945312e+01
5.993586730957031250e+01
5.978599929809570312e+01
5.963710021972656250e+01
5.948912429809570312e+01
5.934212875366210938e+01
5.919611358642578125e+01
5.905101776123046875e+01
5.890684127807617188e+01
5.876362228393554688e+01
5.862134170532226562e+01
5.847997665405273438e+01
5.833952331542968750e+01
5.819997787475585938e+01
5.806133270263671875e+01
5.792359161376953125e+01
5.778675842285156250e+01
5.765080261230468750e+01
5.751573562622070312e+01
5.738153457641601562e+01
5.724821853637695312e+01
5.711574554443359375e+01
5.698413085937500000e+01
5.685338973999023438e+01
5.672349166870117188e+01
5.659444427490234375e+01
5.646619796752929688e+01
5.633882904052734375e+01
5.621224212646484375e+01
5.608648681640625000e+01
5.596156311035156250e+01
5.583741760253906250e+01
5.571410751342773438e+01
5.559155273437500000e+01
5.546980667114257812e+01
5.534881973266601562e+01
5.522865676879882812e+01
5.510922622680664062e+01
5.499058914184570312e+01
5.487269210815429688e+01
5.475556182861328125e+01
5.463919067382812500e+01
5.452355575561523438e+01
5.440865325927734375e+01
5.429450225830078125e+01
5.418104553222656250e+01
5.406832885742187500e+01
5.395631790161132812e+01
5.384503173828125000e+01
5.373445129394531250e+01
5.362456512451171875e+01
5.351538085937500000e+01
5.340687179565429688e+01
5.329905319213867188e+01
5.319191360473632812e+01
5.308543395996093750e+01
5.297963714599609375e+01
5.287450408935546875e+01
5.277001953125000000e+01
5.266618728637695312e+01
5.256299209594726562e+01
5.246046066284179688e+01
5.235854339599609375e+01
5.225726318359375000e+01
5.215662002563476562e+01
5.205660629272460938e+01
5.195719146728515625e+01
5.185838317871093750e+01
5.176018905639648438e+01
5.166259384155273438e+01
5.156560516357421875e+01
5.146918869018554688e+01
5.137336349487304688e+01
5.127815628051757812e+01
5.118346786499023438e+01
5.108938980102539062e+01
5.099586868286132812e+01
5.090290832519531250e+01
5.081051635742187500e+01
5.071866607666015625e+01
5.062736129760742188e+01
5.053662109375000000e+01
5.044640731811523438e+01
5.035673904418945312e+01
5.026757812500000000e+01
5.017898178100585938e+01
5.009087371826171875e+01
5.000331497192382812e+01
4.991623306274414062e+01
4.982969284057617188e+01
4.974364471435546875e+01
4.965809631347656250e+01
4.957305145263671875e+01
4.948849487304687500e+01
4.940443420410156250e+01
4.932085800170898438e+01
4.923775100708007812e+01
4.915512466430664062e+01
4.907298278808593750e+01
4.899129867553710938e+01
4.891009140014648438e+01
4.882933044433593750e+01
4.874903869628906250e+01
4.866920471191406250e+01
4.858980178833007812e+01
4.851086044311523438e+01
4.843236923217773438e+01
4.835429382324218750e+01
4.827667236328125000e+01
4.819948196411132812e+01
4.812269973754882812e+01
4.804637527465820312e+01
4.797043609619140625e+01
4.789493560791015625e+01
4.781985092163085938e+01
4.774515533447265625e+01
4.767088317871093750e+01
4.759703445434570312e+01
4.752357482910156250e+01
4.745048522949218750e+01
4.737780761718750000e+01
4.730551910400390625e+01
4.723363876342773438e+01
4.716212081909179688e+01
4.709098815917968750e+01
4.702022552490234375e+01
4.694985580444335938e+01
4.687984848022460938e+01
4.681021118164062500e+01
4.674094009399414062e+01
4.667203521728515625e+01
4.660349655151367188e+01
4.653530120849609375e+01
4.646746063232421875e+01
4.639998626708984375e+01
4.633283996582031250e+01
4.626606750488281250e+01
4.619960784912109375e+01
4.613349151611328125e+01
4.606772232055664062e+01
4.600228881835937500e+01
4.593717575073242188e+01
4.587242126464843750e+01
4.580795669555664062e+01
4.574384689331054688e+01
4.568004226684570312e+01
4.561655044555664062e+01
4.555339813232421875e+01
4.549053573608398438e+01
4.542799758911132812e+01
4.536575317382812500e+01
4.530383682250976562e+01
4.524220657348632812e+01
4.518088912963867188e+01
4.511985778808593750e+01
4.505913543701171875e+01
4.499870300292968750e+01
4.493855667114257812e+01
4.487870788574218750e+01
4.481914901733398438e+01
4.475986099243164062e+01
4.470087051391601562e+01
4.464214324951171875e+01
4.458369827270507812e+01
4.452554321289062500e+01
4.446764373779296875e+01
4.441002273559570312e+01
4.435267639160156250e+01
4.429559326171875000e+01
4.423876953125000000e+01
4.418222045898437500e+01
4.412592697143554688e+01
4.406989288330078125e+01
4.401411056518554688e+01
4.395858001708984375e+01
4.390331649780273438e+01
4.384830856323242188e+01
4.379352951049804688e+01
4.373899841308593750e+01
4.368472290039062500e+01
4.363069534301757812e+01
4.357689285278320312e+01
4.352334594726562500e+01
4.347002029418945312e+01
4.341694259643554688e+01
4.336408996582031250e+01
4.331147003173828125e+01
4.325909042358398438e+01
4.320693969726562500e+01
4.315499496459960938e+01
4.310329818725585938e+01
4.305181121826171875e+01
4.300053024291992188e+01
4.294951248168945312e+01
4.289867401123046875e+01
4.284806442260742188e+01
4.279767227172851562e+01
4.274748992919921875e+01
4.269752883911132812e+01
4.264775085449218750e+01
4.259820556640625000e+01
4.254886245727539062e+01
4.249972915649414062e+01
4.245079421997070312e+01
4.240205383300781250e+01
4.235351562500000000e+01
4.230518722534179688e+01
4.225703811645507812e+01
4.220908737182617188e+01
4.216135406494140625e+01
4.211379623413085938e+01
4.206641769409179688e+01
4.201924133300781250e+01
4.197226333618164062e+01
4.192546081542968750e+01
4.187884140014648438e+01
4.183242416381835938e+01
4.178615951538085938e+01
4.174009704589843750e+01
4.169421386718750000e+01
4.164850616455078125e+01
4.160298156738281250e+01
4.155761337280273438e+01
4.151242828369140625e+01
4.146743011474609375e+01
4.142260360717773438e+01
4.137792205810546875e+01
4.133344268798828125e+01
4.128910446166992188e+01
4.124494934082031250e+01
4.120095443725585938e+01
4.115713119506835938e+01
4.111345672607421875e+01
4.106995391845703125e+01
4.102661514282226562e+01
4.098344039916992188e+01
4.094041824340820312e+01
4.089753723144531250e+01
4.085483932495117188e+01
4.081226730346679688e+01
4.076987075805664062e+01
4.072760772705078125e+01
4.068552780151367188e+01
4.064358139038085938e+01
4.060178375244140625e+01
4.056011962890625000e+01
4.051863479614257812e+01
4.047727584838867188e+01
4.043605804443359375e+01
4.039499282836914062e+01
4.035406875610351562e+01
4.031328964233398438e+01
4.027264404296875000e+01
4.023214721679687500e+01
4.019179153442382812e+01
4.015156173706054688e+01
4.011148071289062500e+01
4.007153320312500000e+01
4.003171539306640625e+01
3.999202728271484375e+01
3.995247650146484375e+01
3.991306304931640625e+01
3.987378692626953125e+01
3.983462524414062500e+01
3.979559707641601562e+01
3.975670242309570312e+01
3.971793365478515625e+01
3.967929077148437500e+01
3.964076995849609375e+01
3.960237503051757812e+01
3.956410598754882812e+01
3.952596282958984375e+01
3.948792648315429688e+01
3.945003890991210938e+01
3.941225051879882812e+01
3.937459945678710938e+01
3.933704757690429688e+01
3.929962539672851562e+01
3.926231002807617188e+01
3.922512054443359375e+01
3.918804168701171875e+01
3.915108871459960938e+01
3.911421966552734375e+01
3.907750701904296875e+01
3.904087066650390625e+01
3.900436019897460938e+01
3.896795654296875000e+01
3.893166732788085938e+01
3.889547729492187500e+01
3.885940551757812500e+01
3.882345199584960938e+01
3.878760528564453125e+01
3.875184249877929688e+01
3.871618270874023438e+01
3.868064498901367188e+01
3.864521408081054688e+01
3.860987854003906250e+01
3.857464218139648438e+01
3.853951263427734375e+01
3.850448608398437500e+01
3.846955490112304688e+01
3.843471908569335938e+01
3.839999389648437500e+01
3.836537170410156250e+01
3.833082580566406250e+01
3.829637908935546875e+01
3.826205444335937500e+01
3.822780990600585938e+01
3.819365692138671875e+01
3.815961074829101562e+01
3.812564849853515625e+01
3.809176254272460938e+01
3.805800247192382812e+01
3.802431106567382812e+01
3.799071502685546875e+01
3.795722579956054688e+01
3.792380523681640625e+01
3.789049530029296875e+01
3.785724639892578125e+01
3.782411193847656250e+01
3.779105758666992188e+01
3.775808334350585938e+01
3.772520065307617188e+01
3.769240188598632812e+01
3.765969085693359375e+01
3.762704849243164062e+01
3.759451293945312500e+01
3.756203842163085938e+01
3.752967834472656250e+01
3.749738311767578125e+01
3.746517181396484375e+01
3.743303298950195312e+01
3.740098953247070312e+01
3.736901092529296875e+01
3.733712005615234375e+01
3.730529785156250000e+01
3.727356719970703125e+01
3.724190902709960938e+01
3.721033859252929688e+01
3.717882919311523438e+01
3.714741516113281250e+01
3.711606216430664062e+01
3.708478546142578125e+01
3.705357742309570312e+01
3.702245712280273438e+01
3.699140930175781250e+01
3.696041870117187500e+01
3.692951965332031250e+01
3.689867401123046875e+01
3.686791610717773438e+01
3.683723449707031250e+01
3.680661773681640625e+01
3.677605056762695312e+01
3.674557113647460938e+01
3.671516799926757812e+01
3.668482971191406250e+01
3.665456008911132812e+01
3.662435150146484375e+01
3.659421920776367188e+01
3.656412887573242188e+01
3.653412628173828125e+01
3.650419235229492188e+01
3.647431564331054688e+01
3.644449996948242188e+01
3.641475677490234375e+01
3.638507080078125000e+01
3.635546112060546875e+01
3.632590484619140625e+01
3.629640197753906250e+01
3.626697540283203125e+01
3.623761367797851562e+01
3.620831298828125000e+01
3.617905044555664062e+01
3.614986419677734375e+01
3.612076187133789062e+01
3.609167480468750000e+01
3.606266784667968750e+01
3.603372192382812500e+01
3.600482940673828125e+01
3.597599411010742188e+01
3.594721984863281250e+01
3.591849899291992188e+01
3.588983917236328125e+01
3.586122894287109375e+01
3.583267211914062500e+01
3.580418014526367188e+01
3.577574539184570312e+01
3.574734878540039062e+01
3.571901321411132812e+01
3.569072341918945312e+01
3.566249847412109375e+01
3.563432693481445312e+01
3.560620117187500000e+01
3.557812118530273438e+01
3.555010223388671875e+01
3.552212524414062500e+01
3.549422073364257812e+01
3.546633911132812500e+01
3.543852233886718750e+01
3.541074752807617188e+01
3.538301467895507812e+01
3.535534286499023438e+01
3.532772064208984375e+01
3.530013656616210938e+01
3.527261352539062500e+01
3.524512100219726562e+01
3.521768188476562500e+01
3.519029235839843750e+01
3.516294479370117188e+01
3.513564300537109375e+01
3.510838317871093750e+01
3.508116149902343750e+01
3.505398178100585938e+01
3.502686309814453125e+01
3.499977111816406250e+01
3.497272872924804688e+01
3.494573593139648438e+01
3.491876983642578125e+01
3.489186096191406250e+01
3.486499023437500000e+01
3.483815002441406250e+01
3.481135559082031250e+01
3.478459930419921875e+01
3.475787353515625000e+01
3.473120498657226562e+01
3.470457458496093750e+01
3.467796707153320312e+01
3.465140914916992188e+01
3.462487792968750000e+01
3.459840393066406250e+01
3.457194137573242188e+01
3.454553222656250000e+01
3.451915359497070312e+01
3.449280548095703125e+01
3.446648406982421875e+01
3.444021987915039062e+01
3.441398239135742188e+01
3.438777542114257812e+01
3.436160659790039062e+01
3.433547592163085938e+01
3.430936050415039062e+01
3.428330230712890625e+01
3.425725173950195312e+01
3.423123168945312500e+01
3.420526504516601562e+01
3.417932128906250000e+01
3.415340042114257812e+01
3.412751770019531250e+01
3.410166549682617188e+01
3.407583236694335938e+01
3.405003356933593750e+01
3.402426147460937500e+01
3.399853134155273438e+01
3.397281646728515625e+01
3.394712829589843750e+01
3.392147064208984375e+01
3.389583969116210938e+01
3.387023925781250000e+01
3.384466552734375000e+01
3.381910324096679688e+01
3.379357910156250000e+01
3.376807403564453125e+01
3.374259567260742188e+01
3.371714782714843750e+01
3.369171524047851562e+01
3.366630554199218750e+01
3.364092254638671875e+01
3.361556243896484375e+01
3.359022521972656250e+01
3.356491470336914062e+01
3.353961563110351562e+01
3.351433944702148438e+01
3.348909378051757812e+01
3.346385955810546875e+01
3.343863677978515625e+01
3.341345596313476562e+01
3.338828277587890625e+01
3.336314392089843750e+01
3.333799362182617188e+01
3.331287384033203125e+01
3.328777313232421875e+01
3.326270294189453125e+01
3.323763656616210938e+01
3.321258926391601562e+01
3.318755340576171875e+01
3.316254425048828125e+01
3.313754653930664062e+01
3.311256027221679688e+01
3.308760452270507812e+01
3.306265640258789062e+01
3.303771591186523438e+01
3.301277923583984375e+01
3.298787307739257812e+01
3.296296691894531250e+01
3.293809127807617188e+01
3.291321563720703125e+01
3.288836669921875000e+01
3.286351776123046875e+01
3.283867645263671875e+01
3.281384658813476562e+01
3.278903579711914062e+01
3.276423645019531250e+01
3.273943710327148438e+01
3.271466445922851562e+01
3.268987655639648438e+01
3.266511154174804688e+01
3.264035415649414062e+01
3.261561203002929688e+01
3.259087371826171875e+01
3.256613540649414062e+01
3.254140090942382812e+01
3.251669311523437500e+01
3.249197769165039062e+01
3.246726226806640625e+01
3.244256210327148438e+01
3.241786956787109375e+01
3.239317321777343750e+01
3.236848068237304688e+01
3.234381103515625000e+01
3.231912612915039062e+01
3.229445266723632812e+01
3.226977920532226562e+01
3.224511337280273438e+01
3.222043609619140625e+01
3.219575881958007812e+01
3.217110443115234375e+01
3.214643478393554688e+01
3.212178421020507812e+01
3.209711456298828125e+01
3.207245254516601562e+01
3.204779815673828125e+01
3.202312850952148438e+01
3.199846649169921875e+01
3.197380065917968750e+01
3.194913864135742188e+01
3.192446899414062500e+01
3.189979553222656250e+01
3.187511634826660156e+01
3.185043907165527344e+01
3.182575988769531250e+01
3.180106544494628906e+01
3.177637100219726562e+01
3.175167465209960938e+01
3.172697448730468750e+01
3.170226860046386719e+01
3.167755889892578125e+01
3.165283203125000000e+01
3.162810897827148438e+01
3.160338020324707031e+01
3.157862663269042969e+01
3.155387878417968750e+01
3.152910995483398438e+01
3.150433921813964844e+01
3.147957038879394531e+01
3.145477104187011719e+01
3.142996978759765625e+01
3.140516662597656250e+01
3.138033485412597656e+01
3.135549736022949219e+01
3.133065414428710938e+01
3.130579376220703125e+01
3.128091430664062500e+01
3.125602912902832031e+01
3.123112678527832031e+01
3.120622062683105469e+01
3.118127250671386719e+01
3.115633392333984375e+01
3.113136863708496094e+01
3.110638046264648438e+01
3.108139610290527344e+01
3.105637168884277344e+01
3.103134346008300781e+01
3.100628280639648438e+01
3.098121070861816406e+01
3.095611953735351562e+01
3.093100738525390625e+01
3.090587615966796875e+01
3.088072013854980469e+01
3.085554313659667969e+01
3.083034133911132812e+01
3.080512237548828125e+01
3.077986907958984375e+01
3.075460815429687500e+01
3.072929763793945312e+01
3.070398521423339844e+01
3.067863845825195312e+01
3.065325927734375000e+01
3.062786674499511719e+01
3.060243988037109375e+01
3.057696533203125000e+01
3.055148506164550781e+01
3.052597045898437500e+01
3.050041770935058594e+01
3.047483825683593750e+01
3.044921684265136719e+01
3.042357826232910156e+01
3.039790153503417969e+01
3.037219047546386719e+01
3.034643745422363281e+01
3.032065582275390625e+01
3.029483222961425781e+01
3.026896476745605469e+01
3.024307441711425781e+01
3.021713256835937500e+01
3.019117355346679688e+01
3.016516304016113281e+01
3.013910675048828125e+01
3.011300659179687500e+01
3.008685493469238281e+01
3.006067657470703125e+01
3.003445243835449219e+01
3.000817871093750000e+01
2.998185157775878906e+01
2.995547866821289062e+01
2.992906951904296875e+01
2.990260124206542969e+01
2.987608909606933594e+01
2.984951972961425781e+01
2.982290458679199219e+01
2.979623413085937500e+01
2.976949882507324219e+01
2.974271202087402344e+01
2.971587753295898438e+01
2.968898200988769531e+01
2.966202163696289062e+01
2.963501167297363281e+01
2.960793685913085938e+01
2.958080101013183594e+01
2.955360412597656250e+01
2.952633857727050781e+01
2.949903106689453125e+01
2.947163581848144531e+01
2.944416999816894531e+01
2.941663360595703125e+01
2.938903808593750000e+01
2.936136627197265625e+01
2.933360862731933594e+01
2.930580329895019531e+01
2.927790832519531250e+01
2.924994277954101562e+01
2.922189903259277344e+01
2.919376564025878906e+01
2.916555404663085938e+01
2.913726043701171875e+01
2.910889434814453125e+01
2.908043479919433594e+01
2.905188560485839844e+01
2.902326202392578125e+01
2.899453735351562500e+01
2.896570777893066406e+01
2.893680953979492188e+01
2.890780639648437500e+01
2.887870597839355469e+01
2.884952163696289062e+01
2.882020759582519531e+01
2.879082870483398438e+01
2.876132774353027344e+01
2.873172187805175781e+01
2.870200920104980469e+01
2.867218589782714844e+01
2.864225196838378906e+01
2.861221504211425781e+01
2.858206558227539062e+01
2.855179023742675781e+01
2.852140617370605469e+01
2.849089813232421875e+01
2.846027565002441406e+01
2.842953109741210938e+01
2.839864730834960938e+01
2.836763572692871094e+01
2.833651542663574219e+01
2.830523872375488281e+01
2.827383804321289062e+01
2.824230575561523438e+01
2.821063041687011719e+01
2.817881965637207031e+01
2.814685630798339844e+01
2.811475944519042969e+01
2.808250427246093750e+01
2.805010986328125000e+01
2.801756858825683594e+01
2.798486137390136719e+01
2.795200347900390625e+01
2.791897583007812500e+01
2.788580131530761719e+01
2.785245132446289062e+01
2.781894493103027344e+01
2.778526496887207031e+01
2.775141334533691406e+01
2.771738243103027344e+01
2.768318557739257812e+01
2.764880943298339844e+01
2.761423301696777344e+01
2.757948875427246094e+01
2.754455184936523438e+01
2.750942993164062500e+01
2.747412109375000000e+01
2.743860816955566406e+01
2.740288734436035156e+01
2.736698341369628906e+01
2.733084487915039062e+01
2.729452514648437500e+01
2.725799942016601562e+01
2.722124099731445312e+01
2.718428039550781250e+01
2.714709854125976562e+01
2.710970115661621094e+01
2.707205772399902344e+01
2.703420829772949219e+01
2.699611854553222656e+01
2.695779418945312500e+01
2.691922569274902344e+01
2.688042831420898438e+01
2.684138488769531250e+01
2.680209922790527344e+01
2.676256942749023438e+01
2.672277450561523438e+01
2.668272209167480469e+01
2.664240837097167969e+01
2.660184288024902344e+01
2.656099700927734375e+01
2.651989364624023438e+01
2.647852325439453125e+01
2.643686485290527344e+01
2.639494323730468750e+01
2.635272407531738281e+01
2.631022644042968750e+01
2.626744270324707031e+01
2.622436523437500000e+01
2.618099212646484375e+01
2.613731384277343750e+01
2.609333992004394531e+01
2.604905319213867188e+01
2.600446891784667969e+01
2.595956993103027344e+01
2.591434097290039062e+01
2.586881828308105469e+01
2.582296371459960938e+01
2.577678871154785156e+01
2.573027610778808594e+01
2.568342590332031250e+01
2.563626098632812500e+01
2.558873939514160156e+01
2.554088783264160156e+01
2.549268341064453125e+01
2.544414710998535156e+01
2.539525413513183594e+01
2.534600257873535156e+01
2.529640579223632812e+01
2.524643516540527344e+01
2.519612312316894531e+01
2.514541244506835938e+01
2.509435653686523438e+01
2.504291915893554688e+01
2.499112701416015625e+01
2.493893814086914062e+01
2.488636779785156250e+01
2.483342170715332031e+01
2.478009796142578125e+01
2.472636985778808594e+01
2.467226219177246094e+01
2.461776161193847656e+01
2.456285667419433594e+01
2.450756072998046875e+01
2.445186042785644531e+01
2.439575004577636719e+01
2.433924674987792969e+01
2.428232955932617188e+01
2.422500038146972656e+01
2.416727447509765625e+01
2.410913467407226562e+01
2.405056762695312500e+01
2.399158096313476562e+01
2.393217658996582031e+01
2.387234115600585938e+01
2.381210708618164062e+01
2.375142478942871094e+01
2.369033622741699219e+01
2.362881088256835938e+01
2.356688117980957031e+01
2.350448608398437500e+01
2.344166564941406250e+01
2.337844276428222656e+01
2.331475257873535156e+01
2.325064086914062500e+01
2.318607521057128906e+01
2.312110900878906250e+01
2.305569648742675781e+01
2.298984718322753906e+01
2.292356300354003906e+01
2.285683250427246094e+01
2.278966331481933594e+01
2.272207260131835938e+01
2.265403175354003906e+01
2.258555221557617188e+01
2.251665115356445312e+01
2.244729614257812500e+01
2.237752342224121094e+01
2.230730056762695312e+01
2.223663902282714844e+01
2.216555595397949219e+01
2.209402847290039062e+01
2.202207756042480469e+01
2.194970130920410156e+01
2.187689781188964844e+01
2.180366134643554688e+01
2.172998428344726562e+01
2.165588378906250000e+01
2.158137893676757812e+01
2.150642585754394531e+01
2.143109321594238281e+01
2.135531234741210938e+01
2.127911186218261719e+01
2.120251655578613281e+01
2.112549400329589844e+01
2.104806709289550781e+01
2.097024154663085938e+01
2.089200019836425781e+01
2.081336593627929688e+01
2.073432540893554688e+01
2.065493392944335938e+01
2.057508277893066406e+01
2.049489402770996094e+01
2.041428565979003906e+01
2.033333015441894531e+01
2.025194931030273438e+01
2.017022895812988281e+01
2.008813095092773438e+01
2.000568771362304688e+01
1.992284584045410156e+01
1.983965873718261719e+01
1.975611877441406250e+01
1.967222023010253906e+01
1.958797073364257812e+01
1.950338935852050781e+01
1.941846656799316406e+01
1.933322715759277344e+01
1.924764633178710938e+01
1.916173934936523438e+01
1.907552146911621094e+01
1.898898696899414062e+01
1.890213966369628906e+01
1.881498336791992188e+01
1.872753143310546875e+01
1.863981246948242188e+01
1.855176353454589844e+01
1.846346473693847656e+01
1.837486267089843750e+01
1.828601074218750000e+01
1.819686889648437500e+01
1.810747146606445312e+01
1.801784324645996094e+01
1.792794609069824219e+01
1.783780479431152344e+01
1.774743843078613281e+01
1.765681266784667969e+01
1.756598663330078125e+01
1.747493553161621094e+01
1.738365554809570312e+01
1.729218482971191406e+01
1.720049095153808594e+01
1.710865592956542969e+01
1.701657295227050781e+01
1.692433738708496094e+01
1.683191871643066406e+01
1.673931503295898438e+01
1.664656066894531250e+01
1.655364036560058594e+01
1.646055793762207031e+01
1.636739158630371094e+01
1.627402114868164062e+01
1.618054199218750000e+01
1.608694458007812500e+01
1.599321842193603516e+01
1.589938259124755859e+01
1.580543708801269531e+01
1.571139526367187500e+01
1.561728572845458984e+01
1.552307605743408203e+01
1.542877960205078125e+01
1.533441543579101562e+01
1.523998641967773438e+01
1.514548206329345703e+01
1.505096817016601562e+01
1.495637321472167969e+01
1.486176395416259766e+01
1.476711750030517578e+01
1.467243003845214844e+01
1.457772541046142578e+01
1.448303890228271484e+01
1.438833427429199219e+01
1.429361724853515625e+01
1.419894123077392578e+01
1.410423851013183594e+01
1.400960254669189453e+01
1.391498565673828125e+01
1.382039642333984375e+01
1.372584247589111328e+01
1.363135528564453125e+01
1.353690910339355469e+01
1.344255352020263672e+01
1.334823417663574219e+01
1.325404834747314453e+01
1.315988731384277344e+01
1.306583690643310547e+01
1.297189712524414062e+01
1.287803649902343750e+01
1.278429794311523438e+01
1.269068241119384766e+01
1.259718227386474609e+01
1.250385475158691406e+01
1.241060638427734375e+01
1.231753158569335938e+01
1.222459793090820312e+01
1.213183021545410156e+01
1.203921604156494141e+01
1.194676494598388672e+01
1.185449695587158203e+01
1.176245689392089844e+01
1.167055225372314453e+01
1.157884407043457031e+01
1.148735427856445312e+01
1.139608001708984375e+01
1.130499935150146484e+01
1.121414470672607422e+01
1.112352943420410156e+01
1.103313827514648438e+01
1.094300937652587891e+01
1.085309123992919922e+01
1.076344394683837891e+01
1.067405033111572266e+01
1.058491706848144531e+01
1.049604988098144531e+01
1.040747356414794922e+01
1.031915760040283203e+01
1.023116970062255859e+01
1.014345073699951172e+01
1.005602645874023438e+01
9.968902587890625000e+00
9.882082939147949219e+00
9.795593261718750000e+00
9.709434509277343750e+00
9.623579025268554688e+00
9.538083076477050781e+00
9.452902793884277344e+00
9.368074417114257812e+00
9.283602714538574219e+00
9.199454307556152344e+00
9.115680694580078125e+00
9.032273292541503906e+00
8.949248313903808594e+00
8.866619110107421875e+00
8.784323692321777344e+00
8.702400207519531250e+00
8.620903968811035156e+00
8.539789199829101562e+00
8.459049224853515625e+00
8.378755569458007812e+00
8.298847198486328125e+00
8.219362258911132812e+00
8.140281677246093750e+00
8.061614036560058594e+00
7.983376979827880859e+00
7.905565261840820312e+00
7.828206539154052734e+00
7.751251697540283203e+00
7.674785614013671875e+00
7.598742961883544922e+00
7.523160457611083984e+00
7.447980403900146484e+00
7.373307704925537109e+00
7.299080371856689453e+00
7.225313663482666016e+00
7.152016639709472656e+00
7.079200267791748047e+00
7.006834983825683594e+00
6.934972286224365234e+00
6.863586425781250000e+00
6.792675018310546875e+00
6.722231864929199219e+00
6.652286529541015625e+00
6.582850456237792969e+00
6.513891220092773438e+00
6.445441246032714844e+00
6.377500534057617188e+00
6.310028553009033203e+00
6.243073463439941406e+00
6.176654815673828125e+00
6.110688209533691406e+00
6.045258998870849609e+00
5.980346202850341797e+00
5.915937423706054688e+00
5.852058887481689453e+00
5.788703441619873047e+00
5.725841999053955078e+00
5.663491249084472656e+00
5.601723670959472656e+00
5.540405750274658203e+00
5.479646682739257812e+00
5.419425010681152344e+00
5.359691619873046875e+00
5.300509929656982422e+00
5.241878509521484375e+00
5.183714866638183594e+00
5.126115322113037109e+00
5.069058418273925781e+00
5.012499332427978516e+00
4.956486701965332031e+00
4.901010513305664062e+00
4.846069812774658203e+00
4.791609764099121094e+00
4.737727642059326172e+00
4.684387207031250000e+00
4.631539821624755859e+00
4.579250335693359375e+00
4.527469158172607422e+00
4.476229667663574219e+00
4.425505161285400391e+00
4.375339508056640625e+00
4.325662136077880859e+00
4.276530265808105469e+00
4.227918624877929688e+00
4.179834365844726562e+00
4.132261753082275391e+00
4.085228919982910156e+00
4.038699626922607422e+00
3.992701768875122070e+00
3.947212934494018555e+00
3.902252435684204102e+00
3.857813358306884766e+00
3.813853740692138672e+00
3.770420312881469727e+00
3.727506399154663086e+00
3.685099601745605469e+00
3.643220186233520508e+00
3.601812839508056641e+00
3.560908555984497070e+00
3.520523309707641602e+00
3.480626583099365234e+00
3.441230535507202148e+00
3.402330398559570312e+00
3.363916635513305664e+00
3.325992345809936523e+00
3.288572549819946289e+00
3.251618623733520508e+00
3.215164422988891602e+00
3.179165363311767578e+00
3.143648386001586914e+00
3.108629703521728516e+00
3.074054002761840820e+00
3.039959192276000977e+00
3.006335973739624023e+00
2.973176479339599609e+00
2.940481901168823242e+00
2.908233165740966797e+00
2.876449346542358398e+00
2.845118045806884766e+00
2.814225673675537109e+00
2.783763647079467773e+00
2.753772497177124023e+00
2.724196434020996094e+00
2.695064544677734375e+00
2.666388988494873047e+00
2.638095140457153320e+00
2.610253572463989258e+00
2.582838296890258789e+00
2.555830478668212891e+00
2.529220581054687500e+00
2.503032207489013672e+00
2.477241754531860352e+00
2.451846837997436523e+00
2.426856040954589844e+00
2.402260065078735352e+00
2.378047943115234375e+00
2.354193925857543945e+00
2.330751419067382812e+00
2.307650089263916016e+00
2.284940719604492188e+00
2.262574911117553711e+00
2.240584850311279297e+00
2.218940258026123047e+00
2.197630882263183594e+00
2.176645040512084961e+00
2.156024456024169922e+00
2.135717391967773438e+00
2.115732908248901367e+00
2.096045970916748047e+00
2.076673984527587891e+00
2.057602643966674805e+00
2.038814544677734375e+00
2.020326137542724609e+00
2.002110242843627930e+00
1.984148979187011719e+00
1.966457128524780273e+00
1.949021816253662109e+00
1.931816339492797852e+00
1.914860129356384277e+00
1.898108005523681641e+00
1.881584167480468750e+00
1.865267395973205566e+00
1.849125862121582031e+00
1.833190917968750000e+00
1.817403554916381836e+00
1.801789879798889160e+00
1.786311507225036621e+00
1.770985484123229980e+00
1.755760431289672852e+00
1.740651607513427734e+00
1.725640535354614258e+00
1.710718154907226562e+00
1.695856690406799316e+00
1.681049704551696777e+00
1.666275262832641602e+00
1.651509881019592285e+00
1.636760473251342773e+00
1.622001886367797852e+00
1.607200860977172852e+00
1.592352390289306641e+00
1.577429652214050293e+00
1.562430977821350098e+00
1.547312021255493164e+00
1.532067775726318359e+00
1.516664266586303711e+00
1.501094460487365723e+00
1.485331773757934570e+00
1.469329595565795898e+00
1.453097581863403320e+00
1.436575412750244141e+00
1.419751524925231934e+00
1.402596950531005859e+00
1.385107517242431641e+00
1.367200374603271484e+00
1.348882317543029785e+00
1.330100893974304199e+00
1.310831427574157715e+00
1.291034102439880371e+00
1.270668745040893555e+00
1.249691367149353027e+00
1.228087544441223145e+00
1.205768108367919922e+00
1.182710051536560059e+00
1.158867955207824707e+00
1.134169697761535645e+00
1.108589649200439453e+00
1.082054615020751953e+00
1.054494142532348633e+00
1.025847196578979492e+00
9.960754513740539551e-01
9.650569558143615723e-01
9.327534437179565430e-01
8.990840315818786621e-01
8.639460206031799316e-01
8.272419571876525879e-01
7.889118790626525879e-01
7.488290667533874512e-01
7.068685293197631836e-01
6.629615426063537598e-01
6.169667243957519531e-01
5.687665343284606934e-01
5.181927084922790527e-01
4.651579558849334717e-01
4.094790220260620117e-01
3.510180115699768066e-01
2.896425724029541016e-01
2.250873297452926636e-01
1.572407037019729614e-01
8.595959097146987915e-02
1.091827545315027237e-02
-6.798400729894638062e-02
-1.510023176670074463e-01
-2.384071499109268188e-01
-3.303441405296325684e-01
-4.271239936351776123e-01
-5.290030241012573242e-01
-6.362643837928771973e-01
-7.491402029991149902e-01
-8.679172992706298828e-01
-9.930281639099121094e-01
-1.124644041061401367e+00
-1.263157010078430176e+00
-1.408907294273376465e+00
-1.562244534492492676e+00
-1.723478317260742188e+00
-1.893113374710083008e+00
-2.071475267410278320e+00
-2.258857727050781250e+00
-2.455893278121948242e+00
-2.662851810455322266e+00
-2.880287408828735352e+00
-3.108607530593872070e+00
-3.348257064819335938e+00
-3.599737882614135742e+00
-3.863590955734252930e+00
-4.140362739562988281e+00
-4.430578708648681641e+00
-4.734651565551757812e+00
-5.053328037261962891e+00
-5.387125015258789062e+00
-5.736568450927734375e+00
-6.102458953857421875e+00
-6.485359191894531250e+00
-6.885822772979736328e+00
-7.304701328277587891e+00
-7.742609024047851562e+00
-8.200176239013671875e+00
-8.678469657897949219e+00
-9.177848815917968750e+00
-9.699543952941894531e+00
-1.024411296844482422e+01
-1.081259632110595703e+01
-1.140565681457519531e+01
-1.202478218078613281e+01
-1.267063331604003906e+01
-1.334413146972656250e+01
-1.404663753509521484e+01
-1.477948284149169922e+01
-1.554356384277343750e+01
-1.634049034118652344e+01
-1.717179679870605469e+01
-1.803864860534667969e+01
-1.894281196594238281e+01
-1.988625526428222656e+01
-2.087041854858398438e+01
-2.189727592468261719e+01
-2.296949958801269531e+01
-2.408868598937988281e+01
-2.525748062133789062e+01
-2.647855377197265625e+01
-2.775396919250488281e+01
-2.908642959594726562e+01
-3.047952270507812500e+01
-3.193499755859375000e+01
-3.345642089843750000e+01
-3.504607772827148438e+01
-3.670820999145507812e+01
-3.844303894042968750e+01
-4.025495910644531250e+01
-4.214559936523437500e+01
-4.411609268188476562e+01
-4.616792678833007812e+01
-4.830264282226562500e+01
-5.051888656616210938e+01
-5.281567382812500000e+01
-5.519210815429687500e+01
-5.764381408691406250e+01
-6.016648864746093750e+01
-6.275653839111328125e+01
-6.540468597412109375e+01
-6.810438537597656250e+01
-7.084661865234375000e+01
-7.361953735351562500e+01
-7.641220855712890625e+01
-7.921339416503906250e+01
-8.200857543945312500e+01
-8.478369903564453125e+01
-8.752672576904296875e+01
-9.022142028808593750e+01
-9.285649871826171875e+01
-9.541676330566406250e+01
-9.789186096191406250e+01
-1.002690658569335938e+02
-1.025379867553710938e+02
-1.046905288696289062e+02
-1.067183761596679688e+02
-1.086147689819335938e+02
-1.103759765625000000e+02
-1.119973526000976562e+02
-1.134767684936523438e+02
-1.148143920898437500e+02
-1.160090103149414062e+02
-1.170626068115234375e+02
-1.179775466918945312e+02
-1.187564392089843750e+02
-1.194029083251953125e+02
-1.199215087890625000e+02
-1.203169097900390625e+02
-1.205943145751953125e+02
-1.207587966918945312e+02
-1.208161239624023438e+02
-1.207717666625976562e+02
-1.206313934326171875e+02
-1.204006347656250000e+02
-1.200851211547851562e+02
-1.196902160644531250e+02
-1.192209243774414062e+02
-1.186827087402343750e+02
-1.180806045532226562e+02
-1.174189910888671875e+02
-1.167026367187500000e+02
-1.159356231689453125e+02
-1.151223297119140625e+02
-1.142664642333984375e+02
-1.133716964721679688e+02
-1.124411697387695312e+02
-1.114786300659179688e+02
-1.104869689941406250e+02
-1.094686965942382812e+02
-1.084271087646484375e+02
-1.073642044067382812e+02
-1.062826538085937500e+02
-1.051840286254882812e+02
-1.040708694458007812e+02
-1.029451828002929688e+02
-1.018081436157226562e+02
-1.006618957519531250e+02
-9.950817871093750000e+01
-9.834735107421875000e+01
-9.718154907226562500e+01
-9.601189422607421875e+01
-9.483914184570312500e+01
-9.366458129882812500e+01
-9.248950958251953125e+01
-9.131396484375000000e+01
-9.013964843750000000e+01
-8.896672821044921875e+01
-8.779631042480468750e+01
-8.662853240966796875e+01
-8.546427154541015625e+01
-8.430438995361328125e+01
-8.314854431152343750e+01
-8.199796295166015625e+01
-8.085320281982421875e+01
-7.971372985839843750e+01
-7.858066558837890625e+01
-7.745432281494140625e+01
-7.633448791503906250e+01
