-6.293129920959472656e-01
-6.292933225631713867e-01
-6.292734146118164062e-01
-6.292538642883300781e-01
-6.292340755462646484e-01
-6.292141675949096680e-01
-6.291946172714233398e-01
-6.291750073432922363e-01
-6.291552782058715820e-01
-6.291353702545166016e-01
-6.291156411170959473e-01
-6.290960311889648438e-01
-6.290763020515441895e-01
-6.290567517280578613e-01
-6.290369629859924316e-01
-6.290171146392822266e-01
-6.289975643157958984e-01
-6.289777755737304688e-01
-6.289582252502441406e-01
-6.289384365081787109e-01
-6.289188861846923828e-01
-6.288993358612060547e-01
-6.288795471191406250e-01
-6.288598179817199707e-01
-6.288400292396545410e-01
-6.288206577301025391e-01
-6.288009285926818848e-01
-6.287813782691955566e-01
-6.287616491317749023e-01
-6.287419795989990234e-01
-6.287223100662231445e-01
-6.287027597427368164e-01
-6.286829710006713867e-01
-6.286631822586059570e-01
-6.286436319351196289e-01
-6.286240220069885254e-01
-6.286043524742126465e-01
-6.285846233367919922e-01
-6.285649538040161133e-01
-6.285455822944641113e-01
-6.285254955291748047e-01
-6.285059452056884766e-01
-6.284863352775573730e-01
-6.284667849540710449e-01
-6.284469962120056152e-01
-6.284275054931640625e-01
-6.284078359603881836e-01
-6.283881068229675293e-01
-6.283684968948364258e-01
-6.283488869667053223e-01
-6.283292770385742188e-01
-6.283095479011535645e-01
-6.282899379730224609e-01
-6.282701492309570312e-01
-6.282504796981811523e-01
-6.282307505607604980e-01
-6.282110214233398438e-01
-6.281914710998535156e-01
-6.281717419624328613e-01
-6.281521320343017578e-01
-6.281324625015258789e-01
-6.281127929687500000e-01
-6.280931234359741211e-01
-6.280733346939086914e-01
-6.280535459518432617e-01
-6.280337572097778320e-01
-6.280144453048706055e-01
-6.279944181442260742e-01
-6.279748678207397461e-01
-6.279551982879638672e-01
-6.279355287551879883e-01
-6.279157400131225586e-01
-6.278961300849914551e-01
-6.278762817382812500e-01
-6.278564929962158203e-01
-6.278369426727294922e-01
-6.278170943260192871e-01
-6.277972459793090820e-01
-6.277778148651123047e-01
-6.277579665184020996e-01
-6.277379393577575684e-01
-6.277183294296264648e-01
-6.276988387107849121e-01
-6.276788711547851562e-01
-6.276589632034301758e-01
-6.276393532752990723e-01
-6.276195049285888672e-01
-6.275997757911682129e-01
-6.275799870491027832e-01
-6.275602579116821289e-01
-6.275403499603271484e-01
-6.275206804275512695e-01
-6.275008916854858398e-01
-6.274809837341308594e-01
-6.274612545967102051e-01
-6.274415254592895508e-01
-6.274217963218688965e-01
-6.274021863937377930e-01
-6.273820996284484863e-01
-6.273621320724487305e-01
-6.273424625396728516e-01
-6.273224949836730957e-01
-6.273027658462524414e-01
-6.272829771041870117e-01
-6.272630095481872559e-01
-6.272435188293457031e-01
-6.272234916687011719e-01
-6.272035241127014160e-01
-6.271836757659912109e-01
-6.271637678146362305e-01
-6.271438598632812500e-01
-6.271239519119262695e-01
-6.271042823791503906e-01
-6.270841360092163086e-01
-6.270644068717956543e-01
-6.270444989204406738e-01
-6.270246505737304688e-01
-6.270046234130859375e-01
-6.269848942756652832e-01
-6.269648075103759766e-01
-6.269449591636657715e-01
-6.269248723983764648e-01
-6.269050836563110352e-01
-6.268851161003112793e-01
-6.268651485443115234e-01
-6.268452405929565430e-01
-6.268252730369567871e-01
-6.268053650856018066e-01
-6.267853379249572754e-01
-6.267653703689575195e-01
-6.267454624176025391e-01
-6.267256140708923340e-01
-6.267056465148925781e-01
-6.266857385635375977e-01
-6.266655921936035156e-01
-6.266457438468933105e-01
-6.266257166862487793e-01
-6.266058683395385742e-01
-6.265857219696044922e-01
-6.265655755996704102e-01
-6.265456676483154297e-01
-6.265258789062500000e-01
-6.265057325363159180e-01
-6.264857053756713867e-01
-6.264657974243164062e-01
-6.264456510543823242e-01
-6.264258027076721191e-01
-6.264057755470275879e-01
-6.263858079910278320e-01
-6.263657212257385254e-01
-6.263456940650939941e-01
-6.263256072998046875e-01
-6.263055801391601562e-01
-6.262856721878051758e-01
-6.262655854225158691e-01
-6.262458562850952148e-01
-6.262255311012268066e-01
-6.262055039405822754e-01
-6.261853575706481934e-01
-6.261656284332275391e-01
-6.261453628540039062e-01
-6.261253356933593750e-01
-6.261050701141357422e-01
-6.260851621627807617e-01
-6.260653734207153320e-01
-6.260452866554260254e-01
-6.260251998901367188e-01
-6.260051131248474121e-01
-6.259851455688476562e-01
-6.259649395942687988e-01
-6.259450316429138184e-01
-6.259248852729797363e-01
-6.259048581123352051e-01
-6.258847713470458984e-01
-6.258645653724670410e-01
-6.258448362350463867e-01
-6.258248090744018555e-01
-6.258046627044677734e-01
-6.257845759391784668e-01
-6.257643103599548340e-01
-6.257444620132446289e-01
-6.257243752479553223e-01
-6.257044672966003418e-01
-6.256842017173767090e-01
-6.256642341613769531e-01
-6.256443262100219727e-01
-6.256241798400878906e-01
-6.256042122840881348e-01
-6.255841851234436035e-01
-6.255639791488647461e-01
-6.255439519882202148e-01
-6.255239248275756836e-01
-6.255038380622863770e-01
-6.254841089248657227e-01
-6.254638433456420898e-01
-6.254438161849975586e-01
-6.254237890243530273e-01
-6.254038214683532715e-01
-6.253838539123535156e-01
-6.253639459609985352e-01
-6.253439188003540039e-01
-6.253241896629333496e-01
-6.253038048744201660e-01
-6.252840161323547363e-01
-6.252639293670654297e-01
-6.252439618110656738e-01
-6.252241134643554688e-01
-6.252043843269348145e-01
-6.251840591430664062e-01
-6.251640915870666504e-01
-6.251440644264221191e-01
-6.251242160797119141e-01
-6.251043081283569336e-01
-6.250842809677124023e-01
-6.250644922256469727e-01
-6.250447034835815430e-01
-6.250246167182922363e-01
-6.250046491622924805e-01
-6.249848604202270508e-01
-6.249648928642272949e-01
-6.249449849128723145e-01
-6.249253749847412109e-01
-6.249054074287414551e-01
-6.248853206634521484e-01
-6.248652935028076172e-01
-6.248457431793212891e-01
-6.248258352279663086e-01
-6.248058080673217773e-01
-6.247861385345458984e-01
-6.247664690017700195e-01
-6.247465014457702637e-01
-6.247265338897705078e-01
-6.247067451477050781e-01
-6.246870756149291992e-01
-6.246674060821533203e-01
-6.246474981307983398e-01
-6.246278285980224609e-01
-6.246078014373779297e-01
-6.245883107185363770e-01
-6.245685219764709473e-01
-6.245489120483398438e-01
-6.245292425155639648e-01
-6.245094537734985352e-01
-6.244899034500122070e-01
-6.244700551033020020e-01
-6.244505047798156738e-01
-6.244307756423950195e-01
-6.244111061096191406e-01
-6.243916153907775879e-01
-6.243717074394226074e-01
-6.243523359298706055e-01
-6.243326067924499512e-01
-6.243132948875427246e-01
-6.242935657501220703e-01
-6.242738962173461914e-01
-6.242540478706359863e-01
-6.242349147796630859e-01
-6.242153048515319824e-01
-6.241958141326904297e-01
-6.241763234138488770e-01
-6.241565942764282227e-01
-6.241372823715209961e-01
-6.241179704666137695e-01
-6.240984797477722168e-01
-6.240789890289306641e-01
-6.240595579147338867e-01
-6.240399479866027832e-01
-6.240205764770507812e-01
-6.240012645721435547e-01
-6.239818334579467773e-01
-6.239627599716186523e-01
-6.239433884620666504e-01
-6.239241361618041992e-01
-6.239046454429626465e-01
-6.238853931427001953e-01
-6.238660812377929688e-01
-6.238470077514648438e-01
-6.238276958465576172e-01
-6.238085031509399414e-01
-6.237891912460327148e-01
-6.237701773643493652e-01
-6.237509250640869141e-01
-6.237317323684692383e-01
-6.237125992774963379e-01
-6.236935257911682129e-01
-6.236742734909057617e-01
-6.236554384231567383e-01
-6.236360073089599609e-01
-6.236170530319213867e-01
-6.235980391502380371e-01
-6.235789060592651367e-01
-6.235601902008056641e-01
-6.235408782958984375e-01
-6.235220432281494141e-01
-6.235032677650451660e-01
-6.234843134880065918e-01
-6.234652400016784668e-01
-6.234464645385742188e-01
-6.234275698661804199e-01
-6.234086751937866211e-01
-6.233898997306823730e-01
-6.233710050582885742e-01
-6.233522891998291016e-01
-6.233335137367248535e-01
-6.233149170875549316e-01
-6.232959032058715820e-01
-6.232774257659912109e-01
-6.232585310935974121e-01
-6.232399344444274902e-01
-6.232213377952575684e-01
-6.232025623321533203e-01
-6.231838464736938477e-01
-6.231653094291687012e-01
-6.231467723846435547e-01
-6.231279969215393066e-01
-6.231099367141723633e-01
-6.230912208557128906e-01
-6.230726242065429688e-01
-6.230544447898864746e-01
-6.230359077453613281e-01
-6.230174303054809570e-01
-6.229988932609558105e-01
-6.229805946350097656e-01
-6.229622364044189453e-01
-6.229437589645385742e-01
-6.229254603385925293e-01
-6.229075193405151367e-01
-6.228889822959899902e-01
-6.228706836700439453e-01
-6.228525042533874512e-01
-6.228343844413757324e-01
-6.228161454200744629e-01
-6.227978467941284180e-01
-6.227797865867614746e-01
-6.227617859840393066e-01
-6.227436661720275879e-01
-6.227252483367919922e-01
-6.227074265480041504e-01
-6.226894855499267578e-01
-6.226714849472045898e-01
-6.226534843444824219e-01
-6.226354241371154785e-01
-6.226176619529724121e-01
-6.225996017456054688e-01
-6.225817203521728516e-01
-6.225637793540954590e-01
-6.225460767745971680e-01
-6.225284337997436523e-01
-6.225106120109558105e-01
-6.224927306175231934e-01
-6.224749684333801270e-01
-6.224573850631713867e-01
-6.224397420883178711e-01
-6.224218606948852539e-01
-6.224042773246765137e-01
-6.223865747451782227e-01
-6.223692297935485840e-01
-6.223515272140502930e-01
-6.223341822624206543e-01
-6.223166584968566895e-01
-6.222994327545166016e-01
-6.222814321517944336e-01
-6.222640872001647949e-01
-6.222464442253112793e-01
-6.222292184829711914e-01
-6.222118139266967773e-01
-6.221944689750671387e-01
-6.221772432327270508e-01
-6.221598386764526367e-01
-6.221429109573364258e-01
-6.221255064010620117e-01
-6.221083402633666992e-01
-6.220910549163818359e-01
-6.220741868019104004e-01
-6.220568418502807617e-01
-6.220397353172302246e-01
-6.220226883888244629e-01
-6.220058202743530273e-01
-6.219886541366577148e-01
-6.219719648361206055e-01
-6.219547986984252930e-01
-6.219375133514404297e-01
-6.219207644462585449e-01
-6.219039559364318848e-01
-6.218870282173156738e-01
-6.218701601028442383e-01
-6.218534111976623535e-01
-6.218367815017700195e-01
-6.218199133872985840e-01
-6.218031644821166992e-01
-6.217864155769348145e-01
-6.217700242996215820e-01
-6.217532157897949219e-01
-6.217365860939025879e-01
-6.217200756072998047e-01
-6.217035651206970215e-01
-6.216869354248046875e-01
-6.216705441474914551e-01
-6.216540336608886719e-01
-6.216374635696411133e-01
-6.216211318969726562e-01
-6.216046810150146484e-01
-6.215881705284118652e-01
-6.215720176696777344e-01
-6.215556263923645020e-01
-6.215395927429199219e-01
-6.215230226516723633e-01
-6.215068101882934570e-01
-6.214904785156250000e-01
-6.214746236801147461e-01
-6.214585304260253906e-01
-6.214421987533569336e-01
-6.214262843132019043e-01
-6.214101910591125488e-01
-6.213941574096679688e-01
-6.213781833648681641e-01
-6.213622689247131348e-01
-6.213462352752685547e-01
-6.213304400444030762e-01
-6.213145256042480469e-01
-6.212985515594482422e-01
-6.212825179100036621e-01
-6.212670803070068359e-01
-6.212512850761413574e-01
-6.212355494499206543e-01
-6.212197542190551758e-01
-6.212042570114135742e-01
-6.211886405944824219e-01
-6.211729049682617188e-01
-6.211572289466857910e-01
-6.211415529251098633e-01
-6.211263537406921387e-01
-6.211107969284057617e-01
-6.210951209068298340e-01
-6.210798025131225586e-01
-6.210642457008361816e-01
-6.210489273071289062e-01
-6.210336685180664062e-01
-6.210184097290039062e-01
-6.210029721260070801e-01
-6.209877729415893555e-01
-6.209724545478820801e-01
-6.209571361541748047e-01
-6.209421157836914062e-01
-6.209268569946289062e-01
-6.209115982055664062e-01
-6.208968162536621094e-01
-6.208814978599548340e-01
-6.208665370941162109e-01
-6.208515167236328125e-01
-6.208366751670837402e-01
-6.208216547966003418e-01
-6.208066940307617188e-01
-6.207917332649230957e-01
-6.207768917083740234e-01
-6.207623481750488281e-01
-6.207476258277893066e-01
-6.207324862480163574e-01
-6.207178235054016113e-01
-6.207031011581420898e-01
-6.206881999969482422e-01
-6.206738948822021484e-01
-6.206591725349426270e-01
-6.206446886062622070e-01
-6.206300854682922363e-01
-6.206155419349670410e-01
-6.206010580062866211e-01
-6.205863356590270996e-01
-6.205719709396362305e-01
-6.205577850341796875e-01
-6.205430030822753906e-01
-6.205286979675292969e-01
-6.205143928527832031e-01
-6.205002069473266602e-01
-6.204859614372253418e-01
-6.204718351364135742e-01
-6.204575896263122559e-01
-6.204432249069213867e-01
-6.204293966293334961e-01
-6.204150319099426270e-01
-6.204013228416442871e-01
-6.203870177268981934e-01
-6.203731894493103027e-01
-6.203592419624328613e-01
-6.203451752662658691e-01
-6.203312873840332031e-01
-6.203171610832214355e-01
-6.203033328056335449e-01
-6.202895641326904297e-01
-6.202757358551025391e-01
-6.202620863914489746e-01
-6.202480196952819824e-01
-6.202343702316284180e-01
-6.202206611633300781e-01
-6.202070116996765137e-01
-6.201933622360229492e-01
-6.201796531677246094e-01
-6.201661825180053711e-01
-6.201527714729309082e-01
-6.201391220092773438e-01
-6.201256513595581055e-01
-6.201120615005493164e-01
-6.200985908508300781e-01
-6.200856566429138184e-01
-6.200717687606811523e-01
-6.200586557388305664e-01
-6.200454235076904297e-01
-6.200320720672607422e-01
-6.200188398361206055e-01
-6.200055480003356934e-01
-6.199921965599060059e-01
-6.199791431427001953e-01
-6.199660897254943848e-01
-6.199529170989990234e-01
-6.199396848678588867e-01
-6.199269890785217285e-01
-6.199138164520263672e-01
-6.199005842208862305e-01
-6.198878884315490723e-01
-6.198749542236328125e-01
-6.198619604110717773e-01
-6.198493242263793945e-01
-6.198363304138183594e-01
-6.198235750198364258e-01
-6.198106408119201660e-01
-6.197980642318725586e-01
-6.197851300239562988e-01
-6.197727322578430176e-01
-6.197599172592163086e-01
-6.197472810745239258e-01
-6.197346448898315430e-01
-6.197220087051391602e-01
-6.197093725204467773e-01
-6.196970343589782715e-01
-6.196844577789306641e-01
-6.196720600128173828e-01
-6.196599006652832031e-01
-6.196473836898803711e-01
-6.196348667144775391e-01
-6.196225285530090332e-01
-6.196101903915405273e-01
-6.195981502532958984e-01
-6.195857524871826172e-01
-6.195733547210693359e-01
-6.195611953735351562e-01
-6.195490360260009766e-01
-6.195366978645324707e-01
-6.195249557495117188e-01
-6.195127367973327637e-01
-6.195007562637329102e-01
-6.194886565208435059e-01
-6.194769144058227539e-01
-6.194647550582885742e-01
-6.194525957107543945e-01
-6.194409728050231934e-01
-6.194291114807128906e-01
-6.194170713424682617e-01
-6.194053292274475098e-01
-6.193935871124267578e-01
-6.193817853927612305e-01
-6.193699836730957031e-01
-6.193583011627197266e-01
-6.193465590476989746e-01
-6.193349361419677734e-01
-6.193233132362365723e-01
-6.193115711212158203e-01
-6.193001270294189453e-01
-6.192885637283325195e-01
-6.192770004272460938e-01
-6.192657947540283203e-01
-6.192541122436523438e-01
-6.192425489425659180e-01
-6.192313432693481445e-01
-6.192200183868408203e-01
-6.192085146903991699e-01
-6.191970705986022949e-01
-6.191858053207397461e-01
-6.191746592521667480e-01
-6.191635131835937500e-01
-6.191523075103759766e-01
-6.191408634185791016e-01
-6.191300153732299805e-01
-6.191187500953674316e-01
-6.191077232360839844e-01
-6.190965175628662109e-01
-6.190855503082275391e-01
-6.190744638442993164e-01
-6.190634965896606445e-01
-6.190526485443115234e-01
-6.190415620803833008e-01
-6.190307140350341797e-01
-6.190199255943298340e-01
-6.190090179443359375e-01
-6.189981102943420410e-01
-6.189874410629272461e-01
-6.189765334129333496e-01
-6.189656853675842285e-01
-6.189550161361694336e-01
-6.189444065093994141e-01
-6.189339160919189453e-01
-6.189232468605041504e-01
-6.189125776290893555e-01
-6.189019680023193359e-01
-6.188915967941284180e-01
-6.188809871673583984e-01
-6.188701987266540527e-01
-6.188598871231079102e-01
-6.188495755195617676e-01
-6.188390254974365234e-01
-6.188285350799560547e-01
-6.188180446624755859e-01
-6.188079118728637695e-01
-6.187975406646728516e-01
-6.187870502471923828e-01
-6.187769174575805664e-01
-6.187667250633239746e-01
-6.187565922737121582e-01
-6.187462806701660156e-01
-6.187359690666198730e-01
-6.187260746955871582e-01
-6.187159419059753418e-01
-6.187055110931396484e-01
-6.186957359313964844e-01
-6.186857223510742188e-01
-6.186755895614624023e-01
-6.186658143997192383e-01
-6.186557412147521973e-01
-6.186458468437194824e-01
-6.186359524726867676e-01
-6.186255812644958496e-01
-6.186159849166870117e-01
-6.186060905456542969e-01
-6.185964345932006836e-01
-6.185866594314575195e-01
-6.185769438743591309e-01
-6.185668706893920898e-01
-6.185572743415832520e-01
-6.185476183891296387e-01
-6.185377240180969238e-01
-6.185283660888671875e-01
-6.185187101364135742e-01
-6.185092926025390625e-01
-6.184996962547302246e-01
-6.184901595115661621e-01
-6.184807419776916504e-01
-6.184710264205932617e-01
-6.184615492820739746e-01
-6.184519529342651367e-01
-6.184428930282592773e-01
-6.184333562850952148e-01
-6.184239387512207031e-01
-6.184144616127014160e-01
-6.184051632881164551e-01
-6.183958053588867188e-01
-6.183865070343017578e-01
-6.183773279190063477e-01
-6.183680295944213867e-01
-6.183587312698364258e-01
-6.183497905731201172e-01
-6.183406114578247070e-01
-6.183312535285949707e-01
-6.183221340179443359e-01
-6.183130145072937012e-01
-6.183040142059326172e-01
-6.182950735092163086e-01
-6.182858943939208984e-01
-6.182770729064941406e-01
-6.182678937911987305e-01
-6.182590723037719727e-01
-6.182498931884765625e-01
-6.182410717010498047e-01
-6.182320117950439453e-01
-6.182233691215515137e-01
-6.182143092155456543e-01
-6.182055473327636719e-01
-6.181969642639160156e-01
-6.181881427764892578e-01
-6.181792020797729492e-01
-6.181705594062805176e-01
-6.181619167327880859e-01
-6.181532144546508789e-01
-6.181445121765136719e-01
-6.181358695030212402e-01
-6.181269288063049316e-01
-6.181184053421020508e-01
-6.181098818778991699e-01
-6.181012988090515137e-01
-6.180927753448486328e-01
-6.180841922760009766e-01
-6.180757880210876465e-01
-6.180673837661743164e-01
-6.180588006973266602e-01
-6.180505156517028809e-01
-6.180419921875000000e-01
-6.180337071418762207e-01
-6.180251836776733398e-01
-6.180166602134704590e-01
-6.180084347724914551e-01
-6.180003285408020020e-01
-6.179918646812438965e-01
-6.179836988449096680e-01
-6.179754734039306641e-01
-6.179667711257934570e-01
-6.179590225219726562e-01
-6.179507374763488770e-01
-6.179425120353698730e-01
-6.179343461990356445e-01
-6.179262399673461914e-01
-6.179180145263671875e-01
-6.179100275039672852e-01
-6.179018616676330566e-01
-6.178936958312988281e-01
-6.178858280181884766e-01
-6.178778409957885742e-01
-6.178699135780334473e-01
-6.178619265556335449e-01
-6.178537607192993164e-01
-6.178458929061889648e-01
-6.178380250930786133e-01
-6.178300380706787109e-01
-6.178224086761474609e-01
-6.178144216537475586e-01
-6.178064346313476562e-01
-6.177986860275268555e-01
-6.177909374237060547e-01
-6.177830100059509277e-01
-6.177756190299987793e-01
-6.177676916122436523e-01
-6.177598237991333008e-01
-6.177524328231811523e-01
-6.177442669868469238e-01
-6.177368164062500000e-01
-6.177291870117187500e-01
-6.177216768264770508e-01
-6.177138686180114746e-01
-6.177062392234802246e-01
-6.176986694335937500e-01
-6.176912188529968262e-01
-6.176836490631103516e-01
-6.176760196685791016e-01
-6.176686286926269531e-01
-6.176610589027404785e-01
-6.176535487174987793e-01
-6.176462173461914062e-01
-6.176385879516601562e-01
-6.176312565803527832e-01
-6.176238059997558594e-01
-6.176164150238037109e-01
-6.176090240478515625e-01
-6.176019310951232910e-01
-6.175944805145263672e-01
-6.175873279571533203e-01
-6.175799369812011719e-01
-6.175724864006042480e-01
-6.175653934478759766e-01
-6.175581812858581543e-01
-6.175509095191955566e-01
-6.175435781478881836e-01
-6.175365447998046875e-01
-6.175292730331420898e-01
-6.175220012664794922e-01
-6.175150871276855469e-01
-6.175076961517333984e-01
-6.175009012222290039e-01
-6.174936890602111816e-01
-6.174865961074829102e-01
-6.174794435501098633e-01
-6.174724698066711426e-01
-6.174654364585876465e-01
-6.174585223197937012e-01
-6.174514889717102051e-01
-6.174442172050476074e-01
-6.174374222755432129e-01
-6.174305677413940430e-01
-6.174235343933105469e-01
-6.174166798591613770e-01
-6.174098253250122070e-01
-6.174028515815734863e-01
-6.173961162567138672e-01
-6.173890829086303711e-01
-6.173824667930603027e-01
-6.173754930496215820e-01
-6.173688173294067383e-01
-6.173619031906127930e-01
-6.173552274703979492e-01
-6.173483133316040039e-01
-6.173416972160339355e-01
-6.173349022865295410e-01
-6.173283457756042480e-01
-6.173214912414550781e-01
-6.173149943351745605e-01
-6.173082590103149414e-01
-6.173017024993896484e-01
-6.172950863838195801e-01
-6.172884702682495117e-01
-6.172817945480346680e-01
-6.172751188278198242e-01
-6.172686815261840820e-01
-6.172622442245483398e-01
-6.172554492950439453e-01
-6.172490119934082031e-01
-6.172425746917724609e-01
-6.172360181808471680e-01
-6.172297000885009766e-01
-6.172231435775756836e-01
-6.172165870666503906e-01
-6.172102689743041992e-01
-6.172038912773132324e-01
-6.171974539756774902e-01
-6.171911954879760742e-01
-6.171848773956298828e-01
-6.171783804893493652e-01
-6.171718835830688477e-01
-6.171656847000122070e-01
-6.171594262123107910e-01
-6.171531081199645996e-01
-6.171467304229736328e-01
-6.171406507492065430e-01
-6.171343326568603516e-01
-6.171283125877380371e-01
-6.171219348907470703e-01
-6.171157956123352051e-01
-6.171096563339233398e-01
-6.171035766601562500e-01
-6.170972585678100586e-01
-6.170909404754638672e-01
-6.170848011970520020e-01
-6.170787811279296875e-01
-6.170725822448730469e-01
-6.170665025711059570e-01
-6.170604228973388672e-01
-6.170543432235717773e-01
-6.170483827590942383e-01
-6.170424818992614746e-01
-6.170364022254943848e-01
-6.170303821563720703e-01
-6.170243024826049805e-01
-6.170181035995483398e-01
-6.170124411582946777e-01
-6.170065999031066895e-01
-6.170003414154052734e-01
-6.169946789741516113e-01
-6.169886589050292969e-01
-6.169825792312622070e-01
-6.169769167900085449e-01
-6.169710159301757812e-01
-6.169649362564086914e-01
-6.169593334197998047e-01
-6.169534325599670410e-01
-6.169477701187133789e-01
-6.169421672821044922e-01
-6.169359087944030762e-01
-6.169303655624389648e-01
-6.169247627258300781e-01
-6.169187426567077637e-01
-6.169131994247436523e-01
-6.169074177742004395e-01
-6.169016361236572266e-01
-6.168959736824035645e-01
-6.168903112411499023e-01
-6.168844699859619141e-01
-6.168788671493530273e-01
-6.168733835220336914e-01
-6.168676614761352539e-01
-6.168621778488159180e-01
-6.168565750122070312e-01
-6.168509721755981445e-01
-6.168452501296997070e-01
-6.168398857116699219e-01
-6.168343424797058105e-01
-6.168286204338073730e-01
-6.168233752250671387e-01
-6.168178319931030273e-01
-6.168122291564941406e-01
-6.168067455291748047e-01
-6.168013215065002441e-01
-6.167958974838256836e-01
-6.167904734611511230e-01
-6.167851090431213379e-01
-6.167795658111572266e-01
-6.167742013931274414e-01
-6.167686581611633301e-01
-6.167632341384887695e-01
-6.167578101158142090e-01
-6.167527437210083008e-01
-6.167470216751098633e-01
-6.167421340942382812e-01
-6.167367696762084961e-01
-6.167311668395996094e-01
-6.167261600494384766e-01
-6.167209148406982422e-01
-6.167154908180236816e-01
-6.167105436325073242e-01
-6.167051196098327637e-01
-6.167000532150268555e-01
-6.166946887969970703e-01
-6.166895627975463867e-01
-6.166844367980957031e-01
-6.166792511940002441e-01
-6.166739463806152344e-01
-6.166688203811645508e-01
-6.166638135910034180e-01
-6.166585683822631836e-01
-6.166536808013916016e-01
-6.166484951972961426e-01
-6.166434288024902344e-01
-6.166383624076843262e-01
-6.166331768035888672e-01
-6.166283488273620605e-01
-6.166229844093322754e-01
-6.166182756423950195e-01
-6.166131496429443359e-01
-6.166082024574279785e-01
-6.166031360626220703e-01
-6.165981888771057129e-01
-6.165928840637207031e-01
-6.165882945060729980e-01
-6.165832281112670898e-01
-6.165783405303955078e-01
-6.165733337402343750e-01
-6.165683269500732422e-01
-6.165636181831359863e-01
-6.165589094161987305e-01
-6.165539026260375977e-01
-6.165491342544555664e-01
-6.165443062782287598e-01
-6.165393590927124023e-01
-6.165348887443542480e-01
-6.165298819541931152e-01
-6.165250539779663086e-01
-6.165203452110290527e-01
-6.165156364440917969e-01
-6.165108084678649902e-01
-6.165060997009277344e-01
-6.165012717247009277e-01
-6.164965629577636719e-01
-6.164917945861816406e-01
-6.164870262145996094e-01
-6.164824962615966797e-01
-6.164779067039489746e-01
-6.164732575416564941e-01
-6.164685487747192383e-01
-6.164637804031372070e-01
-6.164591908454895020e-01
-6.164544820785522461e-01
-6.164500117301940918e-01
-6.164453029632568359e-01
-6.164408326148986816e-01
-6.164363026618957520e-01
-6.164314746856689453e-01
-6.164270639419555664e-01
-6.164226531982421875e-01
-6.164182424545288086e-01
-6.164135932922363281e-01
-6.164089441299438477e-01
-6.164044141769409180e-01
-6.164002418518066406e-01
-6.163956522941589355e-01
-6.163912415504455566e-01
-6.163866519927978516e-01
-6.163822412490844727e-01
-6.163777112960815430e-01
-6.163731813430786133e-01
-6.163691878318786621e-01
-6.163647174835205078e-01
-6.163602471351623535e-01
-6.163558363914489746e-01
-6.163513064384460449e-01
-6.163470149040222168e-01
-6.163430213928222656e-01
-6.163383722305297852e-01
-6.163341999053955078e-01
-6.163299083709716797e-01
-6.163257360458374023e-01
-6.163212060928344727e-01
-6.163169145584106445e-01
-6.163128614425659180e-01
-6.163084506988525391e-01
-6.163040399551391602e-01
-6.163001060485839844e-01
-6.162958741188049316e-01
-6.162914633750915527e-01
-6.162874698638916016e-01
-6.162831187248229980e-01
-6.162788867950439453e-01
-6.162745952606201172e-01
-6.162705421447753906e-01
-6.162666082382202148e-01
-6.162625551223754883e-01
-6.162582635879516602e-01
-6.162539720535278320e-01
-6.162496805191040039e-01
-6.162458658218383789e-01
-6.162418127059936523e-01
-6.162376403808593750e-01
-6.162337660789489746e-01
-6.162297129631042480e-01
-6.162257194519042969e-01
-6.162216663360595703e-01
-6.162174940109252930e-01
-6.162135004997253418e-01
-6.162093877792358398e-01
-6.162055134773254395e-01
-6.162013411521911621e-01
-6.161978244781494141e-01
-6.161935329437255859e-01
-6.161894798278808594e-01
-6.161856651306152344e-01
-6.161816120147705078e-01
-6.161774396896362305e-01
-6.161738634109497070e-01
-6.161699891090393066e-01
-6.161660552024841309e-01
-6.161621212959289551e-01
-6.161581277847290039e-01
-6.161543130874633789e-01
-6.161503195762634277e-01
-6.161464452743530273e-01
-6.161426305770874023e-01
-6.161386966705322266e-01
-6.161348819732666016e-01
-6.161310672760009766e-01
-6.161273717880249023e-01
-6.161234378814697266e-01
-6.161198019981384277e-01
-6.161159276962280273e-01
-6.161121726036071777e-01
-6.161082983016967773e-01
-6.161044836044311523e-01
-6.161009669303894043e-01
-6.160972118377685547e-01
-6.160933971405029297e-01
-6.160893440246582031e-01
-6.160858869552612305e-01
-6.160821318626403809e-01
-6.160781979560852051e-01
-6.160748600959777832e-01
-6.160708665847778320e-01
-6.160672903060913086e-01
-6.160637140274047852e-01
-6.160601973533630371e-01
-6.160562038421630859e-01
-6.160528659820556641e-01
-6.160489320755004883e-01
-6.160454154014587402e-01
-6.160416603088378906e-01
-6.160382032394409180e-01
-6.160345673561096191e-01
-6.160308122634887695e-01
-6.160275340080261230e-01
-6.160237789154052734e-01
-6.160202026367187500e-01
-6.160165071487426758e-01
-6.160131096839904785e-01
-6.160095334053039551e-01
-6.160058975219726562e-01
-6.160024404525756836e-01
-6.159987449645996094e-01
-6.159952282905578613e-01
-6.159915924072265625e-01
-6.159883737564086914e-01
-6.159846782684326172e-01
-6.159812808036804199e-01
-6.159777641296386719e-01
-6.159741878509521484e-01
-6.159708499908447266e-01
-6.159671545028686523e-01
-6.159635782241821289e-01
-6.159601211547851562e-01
-6.159570217132568359e-01
-6.159533858299255371e-01
-6.159499287605285645e-01
-6.159465312957763672e-01
-6.159428358078002930e-01
-6.159396171569824219e-01
-6.159361004829406738e-01
-6.159327030181884766e-01
-6.159293651580810547e-01
-6.159259080886840820e-01
-6.159226894378662109e-01
-6.159193515777587891e-01
-6.159156560897827148e-01
-6.159123182296752930e-01
-6.159087419509887695e-01
-6.159057021141052246e-01
-6.159024238586425781e-01
-6.158990263938903809e-01
-6.158955693244934082e-01
-6.158922910690307617e-01
-6.158889532089233398e-01
-6.158853769302368164e-01
-6.158821582794189453e-01
-6.158789396286010742e-01
-6.158754825592041016e-01
-6.158723831176757812e-01
-6.158687472343444824e-01
-6.158657073974609375e-01
-6.158623099327087402e-01
-6.158590912818908691e-01
-6.158556938171386719e-01
-6.158525943756103516e-01
-6.158492565155029297e-01
-6.158459186553955078e-01
-6.158428192138671875e-01
-6.158394813537597656e-01
-6.158363819122314453e-01
-6.158329844474792480e-01
-6.158295869827270508e-01
-6.158264875411987305e-01
-6.158230900764465332e-01
-6.158199310302734375e-01
-6.158165931701660156e-01
-6.158132553100585938e-01
-6.158101558685302734e-01
-6.158071160316467285e-01
-6.158037185668945312e-01
-6.158004999160766602e-01
-6.157974004745483398e-01
-6.157940030097961426e-01
-6.157910823822021484e-01
-6.157877445220947266e-01
-6.157845854759216309e-01
-6.157813072204589844e-01
-6.157783269882202148e-01
-6.157751679420471191e-01
-6.157718896865844727e-01
-6.157686710357666016e-01
-6.157655715942382812e-01
-6.157622337341308594e-01
-6.157591938972473145e-01
-6.157561540603637695e-01
-6.157528162002563477e-01
-6.157496571540832520e-01
-6.157465577125549316e-01
-6.157434582710266113e-01
-6.157403588294982910e-01
-6.157371997833251953e-01
-6.157341003417968750e-01
-6.157310009002685547e-01
-6.157277822494506836e-01
-6.157245039939880371e-01
-6.157215833663940430e-01
-6.157182455062866211e-01
-6.157153844833374023e-01
-6.157124042510986328e-01
-6.157089471817016602e-01
-6.157058477401733398e-01
-6.157028675079345703e-01
-6.156996488571166992e-01
-6.156964302062988281e-01
-6.156935691833496094e-01
-6.156902909278869629e-01
-6.156876087188720703e-01
-6.156842708587646484e-01
-6.156810522079467773e-01
-6.156781911849975586e-01
-6.156749725341796875e-01
-6.156721115112304688e-01
-6.156689524650573730e-01
-6.156657934188842773e-01
-6.156628727912902832e-01
-6.156599521636962891e-01
-6.156568527221679688e-01
-6.156536936759948730e-01
-6.156507730484008789e-01
-6.156475543975830078e-01
-6.156444549560546875e-01
-6.156414747238159180e-01
-6.156384944915771484e-01
-6.156351566314697266e-01
-6.156322956085205078e-01
-6.156291365623474121e-01
-6.156262755393981934e-01
-6.156231164932250977e-01
-6.156202554702758789e-01
-6.156170368194580078e-01
-6.156140565872192383e-01
-6.156110763549804688e-01
-6.156079769134521484e-01
-6.156050562858581543e-01
-6.156018972396850586e-01
-6.155992150306701660e-01
-6.155957579612731934e-01
-6.155930161476135254e-01
-6.155899763107299805e-01
-6.155868768692016602e-01
-6.155840158462524414e-01
-6.155810952186584473e-01
-6.155779957771301270e-01
-6.155748367309570312e-01
-6.155719757080078125e-01
-6.155689954757690430e-01
-6.155658364295959473e-01
-6.155630350112915039e-01
-6.155598163604736328e-01
-6.155569553375244141e-01
-6.155540347099304199e-01
-6.155511736869812012e-01
-6.155478954315185547e-01
-6.155451536178588867e-01
-6.155421733856201172e-01
-6.155393719673156738e-01
-6.155361533164978027e-01
-6.155332922935485840e-01
-6.155303716659545898e-01
-6.155273914337158203e-01
-6.155242919921875000e-01
-6.155215501785278320e-01
-6.155185699462890625e-01
-6.155154705047607422e-01
-6.155126094818115234e-01
-6.155097484588623047e-01
-6.155068874359130859e-01
-6.155037879943847656e-01
-6.155005693435668945e-01
-6.154981851577758789e-01
-6.154950857162475586e-01
-6.154922246932983398e-01
-6.154893636703491211e-01
-6.154865026473999023e-01
-6.154836416244506836e-01
-6.154805421829223633e-01
-6.154775023460388184e-01
-6.154744625091552734e-01
-6.154718399047851562e-01
-6.154689788818359375e-01
-6.154660582542419434e-01
-6.154630780220031738e-01
-6.154602169990539551e-01
-6.154572963714599609e-01
-6.154544353485107422e-01
-6.154514551162719727e-01
-6.154488325119018555e-01
-6.154460906982421875e-01
-6.154431700706481934e-01
-6.154402494430541992e-01
-6.154375076293945312e-01
-6.154343485832214355e-01
-6.154316067695617676e-01
-6.154289841651916504e-01
-6.154262423515319824e-01
-6.154228448867797852e-01
-6.154203414916992188e-01
-6.154176592826843262e-01
-6.154147386550903320e-01
-6.154121160507202148e-01
-6.154089570045471191e-01
-6.154065132141113281e-01
-6.154035329818725586e-01
-6.154006719589233398e-01
-6.153981089591979980e-01
-6.153950691223144531e-01
-6.153925061225891113e-01
-6.153897047042846680e-01
-6.153867244720458984e-01
-6.153840422630310059e-01
-6.153813004493713379e-01
-6.153786182403564453e-01
-6.153759956359863281e-01
-6.153734326362609863e-01
-6.153707504272460938e-01
-6.153676509857177734e-01
-6.153651475906372070e-01
-6.153623461723327637e-01
-6.153595447540283203e-01
-6.153568625450134277e-01
-6.153543591499328613e-01
-6.153516173362731934e-01
-6.153490543365478516e-01
-6.153464317321777344e-01
-6.153436899185180664e-01
-6.153410673141479492e-01
-6.153383255004882812e-01
-6.153358221054077148e-01
-6.153331398963928223e-01
-6.153305172920227051e-01
-6.153282523155212402e-01
-6.153252124786376953e-01
-6.153228878974914551e-01
-6.153202056884765625e-01
-6.153178215026855469e-01
-6.153150796890258789e-01
-6.153125762939453125e-01
-6.153100132942199707e-01
-6.153074502944946289e-01
-6.153051257133483887e-01
-6.153022050857543945e-01
-6.152999997138977051e-01
-6.152974367141723633e-01
-6.152948737144470215e-01
-6.152924299240112305e-01
-6.152899265289306641e-01
-6.152876615524291992e-01
-6.152852177619934082e-01
-6.152828931808471680e-01
-6.152803897857666016e-01
-6.152777075767517090e-01
-6.152755618095397949e-01
-6.152731180191040039e-01
-6.152706742286682129e-01
-6.152684688568115234e-01
-6.152660846710205078e-01
-6.152638196945190430e-01
-6.152616143226623535e-01
-6.152588725090026855e-01
-6.152566671371459961e-01
-6.152547001838684082e-01
-6.152520179748535156e-01
-6.152499318122863770e-01
-6.152477264404296875e-01
-6.152452230453491211e-01
-6.152434349060058594e-01
-6.152406930923461914e-01
-6.152389049530029297e-01
-6.152367591857910156e-01
-6.152344346046447754e-01
-6.152324676513671875e-01
-6.152302622795104980e-01
-6.152284145355224609e-01
-6.152258515357971191e-01
-6.152237057685852051e-01
-6.152215600013732910e-01
-6.152197122573852539e-01
-6.152176856994628906e-01
-6.152158379554748535e-01
-6.152135133743286133e-01
-6.152114868164062500e-01
-6.152094602584838867e-01
-6.152077317237854004e-01
-6.152056455612182617e-01
-6.152038574218750000e-01
-6.152017712593078613e-01
-6.151998639106750488e-01
-6.151979565620422363e-01
-6.151958107948303223e-01
-6.151942014694213867e-01
-6.151922941207885742e-01
-6.151905655860900879e-01
-6.151887178421020508e-01
-6.151869297027587891e-01
-6.151850819587707520e-01
-6.151833534240722656e-01
-6.151815652847290039e-01
-6.151796579360961914e-01
-6.151782274246215820e-01
-6.151763200759887695e-01
-6.151747703552246094e-01
-6.151732206344604492e-01
-6.151713728904724121e-01
-6.151700019836425781e-01
-6.151684522628784180e-01
-6.151667833328247070e-01
-6.151652932167053223e-01
-6.151636242866516113e-01
-6.151620149612426758e-01
-6.151608228683471680e-01
-6.151590943336486816e-01
-6.151574850082397461e-01
-6.151561737060546875e-01
-6.151549220085144043e-01
-6.151534914970397949e-01
-6.151518821716308594e-01
-6.151507496833801270e-01
-6.151494979858398438e-01
-6.151481270790100098e-01
-6.151469349861145020e-01
-6.151455044746398926e-01
-6.151442527770996094e-01
-6.151431202888488770e-01
-6.151419878005981445e-01
-6.151405572891235352e-01
-6.151394844055175781e-01
-6.151383519172668457e-01
-6.151374578475952148e-01
-6.151363253593444824e-01
-6.151349544525146484e-01
-6.151342391967773438e-01
-6.151331663131713867e-01
-6.151320934295654297e-01
-6.151314973831176758e-01
-6.151299476623535156e-01
-6.151293516159057617e-01
-6.151285171508789062e-01
-6.151276230812072754e-01
-6.151266694068908691e-01
-6.151256561279296875e-01
-6.151248216629028320e-01
-6.151242256164550781e-01
-6.151238083839416504e-01
-6.151229143142700195e-01
-6.151222586631774902e-01
-6.151213645935058594e-01
-6.151207685470581055e-01
-6.151202917098999023e-01
-6.151196360588073730e-01
-6.151190400123596191e-01
-6.151185035705566406e-01
-6.151180267333984375e-01
-6.151173114776611328e-01
-6.151169538497924805e-01
-6.151164770126342773e-01
-6.151159405708312988e-01
-6.151156425476074219e-01
-6.151151657104492188e-01
-6.151149868965148926e-01
-6.151146888732910156e-01
-6.151145696640014648e-01
-6.151141524314880371e-01
-6.151137948036193848e-01
-6.151134371757507324e-01
-6.151136159896850586e-01
-6.151133775711059570e-01
-6.151134967803955078e-01
-6.151132583618164062e-01
-6.151130199432373047e-01
-6.151130795478820801e-01
-6.151131987571716309e-01
-6.151131391525268555e-01
-6.151131391525268555e-01
-6.151133775711059570e-01
-6.151134967803955078e-01
-6.151134967803955078e-01
-6.151137351989746094e-01
-6.151140332221984863e-01
-6.151141524314880371e-01
-6.151144504547119141e-01
-6.151148080825805664e-01
-6.151149272918701172e-01
-6.151154041290283203e-01
-6.151158809661865234e-01
-6.151162981986999512e-01
-6.151164770126342773e-01
-6.151170730590820312e-01
-6.151177883148193359e-01
-6.151182055473327637e-01
-6.151186227798461914e-01
-6.151190996170043945e-01
-6.151201128959655762e-01
-6.151205897331237793e-01
-6.151213049888610840e-01
-6.151219010353088379e-01
-6.151227951049804688e-01
-6.151235103607177734e-01
-6.151244640350341797e-01
-6.151252388954162598e-01
-6.151261925697326660e-01
-6.151270866394042969e-01
-6.151280403137207031e-01
-6.151291131973266602e-01
-6.151298284530639648e-01
-6.151309013366699219e-01
-6.151319742202758789e-01
-6.151331663131713867e-01
-6.151342391967773438e-01
-6.151354312896728516e-01
-6.151365041732788086e-01
-6.151377558708190918e-01
-6.151391863822937012e-01
-6.151406168937683105e-01
-6.151419281959533691e-01
-6.151432991027832031e-01
-6.151446700096130371e-01
-6.151458621025085449e-01
-6.151474118232727051e-01
-6.151491403579711914e-01
-6.151505708694458008e-01
-6.151521801948547363e-01
-6.151539087295532227e-01
-6.151553988456726074e-01
-6.151572465896606445e-01
-6.151589155197143555e-01
-6.151609420776367188e-01
-6.151624917984008789e-01
-6.151640415191650391e-01
-6.151661276817321777e-01
-6.151678562164306641e-01
-6.151698827743530273e-01
-6.151716113090515137e-01
-6.151739358901977539e-01
-6.151760220527648926e-01
-6.151777505874633789e-01
-6.151800155639648438e-01
-6.151821613311767578e-01
-6.151844263076782227e-01
-6.151865720748901367e-01
-6.151888966560363770e-01
-6.151911616325378418e-01
-6.151934266090393066e-01
-6.151957511901855469e-01
-6.151980161666870117e-01
-6.152005791664123535e-01
-6.152030229568481445e-01
-6.152055859565734863e-01
-6.152077913284301758e-01
-6.152105927467346191e-01
-6.152133345603942871e-01
-6.152160167694091797e-01
-6.152184009552001953e-01
-6.152211427688598633e-01
-6.152238845825195312e-01
-6.152265667915344238e-01
-6.152297258377075195e-01
-6.152324676513671875e-01
-6.152353882789611816e-01
-6.152380108833312988e-01
-6.152412295341491699e-01
-6.152443289756774902e-01
-6.152474284172058105e-01
-6.152504682540893555e-01
-6.152535080909729004e-01
-6.152566671371459961e-01
-6.152597069740295410e-01
-6.152628660202026367e-01
-6.152665019035339355e-01
-6.152696609497070312e-01
-6.152731776237487793e-01
-6.152762174606323242e-01
-6.152797341346740723e-01
-6.152830123901367188e-01
-6.152868270874023438e-01
-6.152903437614440918e-01
-6.152937412261962891e-01
-6.152975559234619141e-01
-6.153012514114379883e-01
-6.153045892715454102e-01
-6.153085231781005859e-01
-6.153121590614318848e-01
-6.153160333633422852e-01
-6.153197884559631348e-01
-6.153236627578735352e-01
-6.153279542922973633e-01
-6.153317689895629883e-01
-6.153354048728942871e-01
-6.153395771980285645e-01
-6.153435111045837402e-01
-6.153479814529418945e-01
-6.153517365455627441e-01
-6.153560876846313477e-01
-6.153604388236999512e-01
-6.153645515441894531e-01
-6.153687834739685059e-01
-6.153731346130371094e-01
-6.153774857521057129e-01
-6.153819561004638672e-01
-6.153865456581115723e-01
-6.153907775878906250e-01
-6.153954863548278809e-01
-6.153999567031860352e-01
-6.154043078422546387e-01
-6.154093146324157715e-01
-6.154139637947082520e-01
-6.154186725616455078e-01
-6.154234409332275391e-01
-6.154282093048095703e-01
-6.154330372810363770e-01
-6.154379844665527344e-01
-6.154430508613586426e-01
-6.154478788375854492e-01
-6.154528260231018066e-01
-6.154578924179077148e-01
-6.154628396034240723e-01
-6.154680848121643066e-01
-6.154733300209045410e-01
-6.154783964157104492e-01
-6.154836416244506836e-01
-6.154890656471252441e-01
-6.154943108558654785e-01
-6.154993772506713867e-01
-6.155048608779907227e-01
-6.155104041099548340e-01
-6.155159473419189453e-01
-6.155211925506591797e-01
-6.155269145965576172e-01
-6.155326366424560547e-01
-6.155382394790649414e-01
-6.155437231063842773e-01
-6.155495643615722656e-01
-6.155550479888916016e-01
-6.155609488487243652e-01
-6.155670285224914551e-01
-6.155726313591003418e-01
-6.155787110328674316e-01
-6.155844926834106445e-01
-6.155905723571777344e-01
-6.155965328216552734e-01
-6.156026124954223633e-01
-6.156085729598999023e-01
-6.156148314476013184e-01
-6.156209111213684082e-01
-6.156270503997802734e-01
-6.156331896781921387e-01
-6.156396269798278809e-01
-6.156461238861083984e-01
-6.156522631645202637e-01
-6.156587004661560059e-01
-6.156652569770812988e-01
-6.156717538833618164e-01
-6.156781911849975586e-01
-6.156848073005676270e-01
-6.156911849975585938e-01
-6.156980395317077637e-01
-6.157046556472778320e-01
-6.157115101814270020e-01
-6.157180666923522949e-01
-6.157249212265014648e-01
-6.157317757606506348e-01
-6.157386302947998047e-01
-6.157453060150146484e-01
-6.157525181770324707e-01
-6.157594919204711914e-01
-6.157665252685546875e-01
-6.157733798027038574e-01
-6.157808899879455566e-01
-6.157877445220947266e-01
-6.157951354980468750e-01
-6.158021092414855957e-01
-6.158094406127929688e-01
-6.158165931701660156e-01
-6.158242821693420410e-01
-6.158314943313598633e-01
-6.158390641212463379e-01
-6.158464550971984863e-01
-6.158538460731506348e-01
-6.158614754676818848e-01
-6.158690452575683594e-01
-6.158766746520996094e-01
-6.158841252326965332e-01
-6.158919930458068848e-01
-6.158995628356933594e-01
-6.159075498580932617e-01
-6.159151792526245117e-01
-6.159229278564453125e-01
-6.159309148788452148e-01
-6.159391403198242188e-01
-6.159468889236450195e-01
-6.159548759460449219e-01
-6.159626841545104980e-01
-6.159709095954895020e-01
-6.159791946411132812e-01
-6.159873604774475098e-01
-6.159952878952026367e-01
-6.160035729408264160e-01
-6.160119771957397461e-01
-6.160199642181396484e-01
-6.160285472869873047e-01
-6.160368919372558594e-01
-6.160451769828796387e-01
-6.160535812377929688e-01
-6.160621047019958496e-01
-6.160706877708435059e-01
-6.160792112350463867e-01
-6.160878539085388184e-01
-6.160965561866760254e-01
-6.161051988601684570e-01
-6.161139011383056641e-01
-6.161221861839294434e-01
-6.161311864852905273e-01
-6.161401271820068359e-01
-6.161487102508544922e-01
-6.161578893661499023e-01
-6.161667108535766602e-01
-6.161756515502929688e-01
-6.161848306655883789e-01
-6.161937117576599121e-01
-6.162027716636657715e-01
-6.162120103836059570e-01
-6.162210702896118164e-01
-6.162303686141967773e-01
-6.162394881248474121e-01
-6.162489652633666992e-01
-6.162579059600830078e-01
-6.162671446800231934e-01
-6.162768602371215820e-01
-6.162859201431274414e-01
-6.162952780723571777e-01
-6.163051724433898926e-01
-6.163145899772644043e-01
-6.163240075111389160e-01
-6.163337826728820801e-01
-6.163432002067565918e-01
-6.163530349731445312e-01
-6.163626313209533691e-01
-6.163722872734069824e-01
-6.163818240165710449e-01
-6.163915395736694336e-01
-6.164015531539916992e-01
-6.164112091064453125e-01
-6.164214611053466797e-01
-6.164311766624450684e-01
-6.164411306381225586e-01
-6.164512038230895996e-01
-6.164611577987670898e-01
-6.164714097976684570e-01
-6.164813637733459473e-01
-6.164917349815368652e-01
-6.165015697479248047e-01
-6.165119409561157227e-01
-6.165221333503723145e-01
-6.165324449539184570e-01
-6.165426969528198242e-01
-6.165530085563659668e-01
-6.165634393692016602e-01
-6.165738105773925781e-01
-6.165842413902282715e-01
-6.165946722030639648e-01
-6.166052818298339844e-01
-6.166155338287353516e-01
-6.166260242462158203e-01
-6.166366934776306152e-01
-6.166474223136901855e-01
-6.166583299636840820e-01
-6.166689991950988770e-01
-6.166794300079345703e-01
-6.166901588439941406e-01
-6.167010664939880371e-01
-6.167117953300476074e-01
-6.167227625846862793e-01
-6.167336702346801758e-01
-6.167445778846740723e-01
-6.167554855346679688e-01
-6.167666912078857422e-01
-6.167777180671691895e-01
-6.167885661125183105e-01
-6.167997717857360840e-01
-6.168107986450195312e-01
-6.168218255043029785e-01
-6.168331503868103027e-01
-6.168445944786071777e-01
-6.168556213378906250e-01
-6.168670058250427246e-01
-6.168782711029052734e-01
-6.168896555900573730e-01
-6.169010400772094727e-01
-6.169123649597167969e-01
-6.169236898422241211e-01
-6.169352531433105469e-01
-6.169466972351074219e-01
-6.169582605361938477e-01
-6.169698834419250488e-01
-6.169814467430114746e-01
-6.169930696487426758e-01
-6.170048713684082031e-01
-6.170164346694946289e-01
-6.170280575752258301e-01
-6.170397996902465820e-01
-6.170518398284912109e-01
-6.170632839202880859e-01
-6.170750856399536133e-01
-6.170869469642639160e-01
-6.170990467071533203e-01
-6.171109676361083984e-01
-6.171227097511291504e-01
-6.171348094940185547e-01
-6.171466112136840820e-01
-6.171585917472839355e-01
-6.171706914901733398e-01
-6.171830892562866211e-01
-6.171948909759521484e-01
-6.172071695327758789e-01
-6.172192692756652832e-01
-6.172314882278442383e-01
-6.172439455986022949e-01
-6.172560453414916992e-01
-6.172684431076049805e-01
-6.172807216644287109e-01
-6.172931194305419922e-01
-6.173055171966552734e-01
-6.173178553581237793e-01
-6.173300743103027344e-01
-6.173425912857055664e-01
-6.173550486564636230e-01
-6.173678636550903320e-01
-6.173802614212036133e-01
-6.173928380012512207e-01
-6.174052953720092773e-01
-6.174180507659912109e-01
-6.174306869506835938e-01
-6.174433827400207520e-01
-6.174557805061340332e-01
-6.174685955047607422e-01
-6.174814105033874512e-01
-6.174943447113037109e-01
-6.175072789192199707e-01
-6.175198554992675781e-01
-6.175327301025390625e-01
-6.175457835197448730e-01
-6.175586581230163574e-01
-6.175715327262878418e-01
-6.175847649574279785e-01
-6.175974607467651367e-01
-6.176107525825500488e-01
-6.176236867904663086e-01
-6.176370382308959961e-01
-6.176499128341674805e-01
-6.176631450653076172e-01
-6.176761388778686523e-01
-6.176894903182983398e-01
-6.177027225494384766e-01
-6.177160143852233887e-01
-6.177290081977844238e-01
-6.177425384521484375e-01
-6.177559494972229004e-01
-6.177690625190734863e-01
-6.177824735641479492e-01
-6.177959442138671875e-01
-6.178092956542968750e-01
-6.178227663040161133e-01
-6.178361773490905762e-01
-6.178497672080993652e-01
-6.178631782531738281e-01
-6.178767085075378418e-01
-6.178901195526123047e-01
-6.179039478302001953e-01
-6.179177165031433105e-01
-6.179312467575073242e-01
-6.179449558258056641e-01
-6.179584860801696777e-01
-6.179723143577575684e-01
-6.179860234260559082e-01
-6.179997920989990234e-01
-6.180135011672973633e-01
-6.180272102355957031e-01
-6.180411577224731445e-01
-6.180549860000610352e-01
-6.180691123008728027e-01
-6.180830597877502441e-01
-6.180966496467590332e-01
-6.181105971336364746e-01
-6.181247830390930176e-01
-6.181383728981018066e-01
-6.181527972221374512e-01
-6.181668043136596680e-01
-6.181809306144714355e-01
-6.181950569152832031e-01
-6.182091236114501953e-01
-6.182232499122619629e-01
-6.182373762130737305e-01
-6.182515025138854980e-01
-6.182661056518554688e-01
-6.182802319526672363e-01
-6.182942390441894531e-01
-6.183086633682250977e-01
-6.183229684829711914e-01
-6.183371543884277344e-01
-6.183517575263977051e-01
-6.183661222457885742e-01
-6.183804273605346680e-01
-6.183949708938598633e-01
-6.184093356132507324e-01
-6.184237599372863770e-01
-6.184383034706115723e-01
-6.184529066085815430e-01
-6.184672117233276367e-01
-6.184818148612976074e-01
-6.184965372085571289e-01
-6.185110211372375488e-01
-6.185256838798522949e-01
-6.185404658317565918e-01
-6.185551881790161133e-01
-6.185697913169860840e-01
-6.185843944549560547e-01
-6.185991764068603516e-01
-6.186138987541198730e-01
-6.186287403106689453e-01
-6.186434626579284668e-01
-6.186583042144775391e-01
-6.186733841896057129e-01
-6.186882257461547852e-01
-6.187032461166381836e-01
-6.187180876731872559e-01
-6.187326908111572266e-01
-6.187477707862854004e-01
-6.187626719474792480e-01
-6.187778115272521973e-01
-6.187928318977355957e-01
-6.188078522682189941e-01
-6.188229322433471680e-01
-6.188381910324096680e-01
-6.188530921936035156e-01
-6.188681721687316895e-01
-6.188833713531494141e-01
-6.188984513282775879e-01
-6.189137697219848633e-01
-6.189289689064025879e-01
-6.189441680908203125e-01
-6.189593076705932617e-01
-6.189748048782348633e-01
-6.189899444580078125e-01
-6.190056204795837402e-01
-6.190208196640014648e-01
-6.190360784530639648e-01
-6.190513968467712402e-01
-6.190667152404785156e-01
-6.190823316574096680e-01
-6.190975308418273926e-01
-6.191129684448242188e-01
-6.191284656524658203e-01
-6.191444396972656250e-01
-6.191595792770385742e-01
-6.191751360893249512e-01
-6.191908121109008789e-01
-6.192063093185424805e-01
-6.192220449447631836e-01
-6.192375421524047852e-01
-6.192529201507568359e-01
-6.192690134048461914e-01
-6.192842721939086914e-01
-6.193002462387084961e-01
-6.193158030509948730e-01
-6.193314790725708008e-01
-6.193473935127258301e-01
-6.193633079528808594e-01
-6.193791627883911133e-01
-6.193949580192565918e-01
-6.194106340408325195e-01
-6.194263696670532227e-01
-6.194422245025634766e-01
-6.194585561752319336e-01
-6.194742918014526367e-01
-6.194902658462524414e-01
-6.195062398910522461e-01
-6.195221543312072754e-01
-6.195380687713623047e-01
-6.195539236068725586e-01
-6.195701360702514648e-01
-6.195861697196960449e-01
-6.196020841598510742e-01
-6.196182966232299805e-01
-6.196343898773193359e-01
-6.196503639221191406e-01
-6.196665763854980469e-01
-6.196828484535217285e-01
-6.196988821029663086e-01
-6.197149157524108887e-01
-6.197316050529479980e-01
-6.197475790977478027e-01
-6.197639703750610352e-01
-6.197800040245056152e-01
-6.197964549064636230e-01
-6.198125481605529785e-01
-6.198290586471557617e-01
-6.198455691337585449e-01
-6.198617219924926758e-01
-6.198779940605163574e-01
-6.198944449424743652e-01
-6.199108362197875977e-01
-6.199274063110351562e-01
-6.199439167976379395e-01
-6.199602484703063965e-01
-6.199766993522644043e-01
-6.199935078620910645e-01
-6.200098991394042969e-01
-6.200262904167175293e-01
-6.200429201126098633e-01
-6.200596094131469727e-01
-6.200760602951049805e-01
-6.200927495956420898e-01
-6.201092600822448730e-01
-6.201258897781372070e-01
-6.201425790786743164e-01
-6.201592683792114258e-01
-6.201759576797485352e-01
-6.201927065849304199e-01
-6.202096343040466309e-01
-6.202263236045837402e-01
-6.202427148818969727e-01
-6.202597618103027344e-01
-6.202765703201293945e-01
-6.202934980392456055e-01
-6.203101277351379395e-01
-6.203271150588989258e-01
-6.203438043594360352e-01
-6.203605532646179199e-01
-6.203777790069580078e-01
-6.203945875167846680e-01
-6.204116344451904297e-01
-6.204283833503723145e-01
-6.204453706741333008e-01
-6.204622983932495117e-01
-6.204791069030761719e-01
-6.204963922500610352e-01
-6.205131411552429199e-01
-6.205304265022277832e-01
-6.205476522445678711e-01
-6.205644011497497559e-01
-6.205815672874450684e-01
-6.205986738204956055e-01
-6.206157207489013672e-01
-6.206331253051757812e-01
-6.206504106521606445e-01
-6.206672787666320801e-01
-6.206844449043273926e-01
-6.207018494606018066e-01
-6.207188367843627930e-01
-6.207364201545715332e-01
-6.207532882690429688e-01
-6.207706928253173828e-01
-6.207879185676574707e-01
-6.208050847053527832e-01
-6.208227872848510742e-01
