-1.566297262907028198e-01
-1.565896719694137573e-01
-1.565459668636322021e-01
-1.564990282058715820e-01
-1.564484536647796631e-01
-1.563940644264221191e-01
-1.563364118337631226e-01
-1.562750637531280518e-01
-1.562106609344482422e-01
-1.561425775289535522e-01
-1.560712158679962158e-01
-1.559960842132568359e-01
-1.559179574251174927e-01
-1.558361798524856567e-01
-1.557509601116180420e-01
-1.556626856327056885e-01
-1.555710434913635254e-01
-1.554757654666900635e-01
-1.553775221109390259e-01
-1.552754640579223633e-01
-1.551709026098251343e-01
-1.550626754760742188e-01
-1.549510359764099121e-01
-1.548364013433456421e-01
-1.547182500362396240e-01
-1.545973271131515503e-01
-1.544729471206665039e-01
-1.543455570936203003e-01
-1.542150229215621948e-01
-1.540813893079757690e-01
-1.539446115493774414e-01
-1.538048237562179565e-01
-1.536618471145629883e-01
-1.535162329673767090e-01
-1.533671319484710693e-01
-1.532149761915206909e-01
-1.530601680278778076e-01
-1.529025435447692871e-01
-1.527418643236160278e-01
-1.525784730911254883e-01
-1.524119228124618530e-01
-1.522425413131713867e-01
-1.520705521106719971e-01
-1.518954932689666748e-01
-1.517177969217300415e-01
-1.515376418828964233e-01
-1.513544470071792603e-01
-1.511690616607666016e-01
-1.509808301925659180e-01
-1.507898122072219849e-01
-1.505960226058959961e-01
-1.503996849060058594e-01
-1.502010077238082886e-01
-1.499996930360794067e-01
-1.497960239648818970e-01
-1.495897322893142700e-01
-1.493814438581466675e-01
-1.491700708866119385e-01
-1.489571034908294678e-01
-1.487413793802261353e-01
-1.485231965780258179e-01
-1.483031809329986572e-01
-1.480807363986968994e-01
-1.478562951087951660e-01
-1.476289629936218262e-01
-1.474000364542007446e-01
-1.471690237522125244e-01
-1.469356119632720947e-01
-1.467005163431167603e-01
-1.464634090662002563e-01
-1.462238430976867676e-01
-1.459829062223434448e-01
-1.457397341728210449e-01
-1.454950720071792603e-01
-1.452480256557464600e-01
-1.449993848800659180e-01
-1.447490900754928589e-01
-1.444969773292541504e-01
-1.442432105541229248e-01
-1.439873874187469482e-01
-1.437304764986038208e-01
-1.434715986251831055e-01
-1.432112008333206177e-01
-1.429494917392730713e-01
-1.426861584186553955e-01
-1.424216032028198242e-01
-1.421554088592529297e-01
-1.418877094984054565e-01
-1.416186988353729248e-01
-1.413486748933792114e-01
-1.410769224166870117e-01
-1.408042758703231812e-01
-1.405303776264190674e-01
-1.402550190687179565e-01
-1.399789750576019287e-01
-1.397015005350112915e-01
-1.394233256578445435e-01
-1.391437649726867676e-01
-1.388636976480484009e-01
-1.385823339223861694e-01
-1.382999271154403687e-01
-1.380165815353393555e-01
-1.377331912517547607e-01
-1.374482810497283936e-01
-1.371630877256393433e-01
-1.368767172098159790e-01
-1.365901082754135132e-01
-1.363023072481155396e-01
-1.360144019126892090e-01
-1.357258707284927368e-01
-1.354366093873977661e-01
-1.351467221975326538e-01
-1.348564177751541138e-01
-1.345657259225845337e-01
-1.342750340700149536e-01
-1.339840292930603027e-01
-1.336921155452728271e-01
-1.334004104137420654e-01
-1.331079602241516113e-01
-1.328156292438507080e-01
-1.325232386589050293e-01
-1.322306394577026367e-01
-1.319379508495330811e-01
-1.316449940204620361e-01
-1.313524842262268066e-01
-1.310595273971557617e-01
-1.307670176029205322e-01
-1.304742395877838135e-01
-1.301820576190948486e-01
-1.298896372318267822e-01
-1.295974254608154297e-01
-1.293054968118667603e-01
-1.290141493082046509e-01
-1.287226527929306030e-01
-1.284315437078475952e-01
-1.281408965587615967e-01
-1.278506219387054443e-01
-1.275607943534851074e-01
-1.272713690996170044e-01
-1.269825547933578491e-01
-1.266943216323852539e-01
-1.264068037271499634e-01
-1.261194050312042236e-01
-1.258330345153808594e-01
-1.255473941564559937e-01
-1.252622157335281372e-01
-1.249777525663375854e-01
-1.246941760182380676e-01
-1.244114264845848083e-01
-1.241293027997016907e-01
-1.238482221961021423e-01
-1.235679015517234802e-01
-1.232886090874671936e-01
-1.230101659893989563e-01
-1.227325424551963806e-01
-1.224564760923385620e-01
-1.221810802817344666e-01
-1.219066828489303589e-01
-1.216334551572799683e-01
-1.213612705469131470e-01
-1.210900694131851196e-01
-1.208204776048660278e-01
-1.205517798662185669e-01
-1.202848032116889954e-01
-1.200184449553489685e-01
-1.197537630796432495e-01
-1.194899454712867737e-01
-1.192279383540153503e-01
-1.189671829342842102e-01
-1.187077239155769348e-01
-1.184495761990547180e-01
-1.181929931044578552e-01
-1.179380789399147034e-01
-1.176841408014297485e-01
-1.174322068691253662e-01
-1.171812191605567932e-01
-1.169323027133941650e-01
-1.166848465800285339e-01
-1.164389774203300476e-01
-1.161945164203643799e-01
-1.159517765045166016e-01
-1.157108023762702942e-01
-1.154716014862060547e-01
-1.152337267994880676e-01
-1.149980947375297546e-01
-1.147637739777565002e-01
-1.145312190055847168e-01
-1.143007203936576843e-01
-1.140717193484306335e-01
-1.138446629047393799e-01
-1.136195063591003418e-01
-1.133956909179687500e-01
-1.131741106510162354e-01
-1.129546537995338440e-01
-1.127369105815887451e-01
-1.125208809971809387e-01
-1.123068705201148987e-01
-1.120946407318115234e-01
-1.118844747543334961e-01
-1.116763427853584290e-01
-1.114704757928848267e-01
-1.112663745880126953e-01
-1.110641136765480042e-01
-1.108639836311340332e-01
-1.106657087802886963e-01
-1.104694083333015442e-01
-1.102758347988128662e-01
-1.100837737321853638e-01
-1.098938286304473877e-01
-1.097058504819869995e-01
-1.095203086733818054e-01
-1.093364804983139038e-01
-1.091552302241325378e-01
-1.089757159352302551e-01
-1.087982878088951111e-01
-1.086231470108032227e-01
-1.084501296281814575e-01
-1.082795113325119019e-01
-1.081108599901199341e-01
-1.079441532492637634e-01
-1.077800393104553223e-01
-1.076176539063453674e-01
-1.074580028653144836e-01
-1.073000505566596985e-01
-1.071444824337959290e-01
-1.069913879036903381e-01
-1.068399846553802490e-01
-1.066910922527313232e-01
-1.065443009138107300e-01
-1.063995510339736938e-01
-1.062574237585067749e-01
-1.061169803142547607e-01
-1.059792712330818176e-01
-1.058436930179595947e-01
-1.057104542851448059e-01
-1.055793836712837219e-01
-1.054503694176673889e-01
-1.053230464458465576e-01
-1.051989123225212097e-01
-1.050769463181495667e-01
-1.049564331769943237e-01
-1.048388332128524780e-01
-1.047234833240509033e-01
-1.046100631356239319e-01
-1.044988483190536499e-01
-1.043902039527893066e-01
-1.042831316590309143e-01
-1.041788011789321899e-01
-1.040767282247543335e-01
-1.039767041802406311e-01
-1.038787290453910828e-01
-1.037832349538803101e-01
-1.036900207400321960e-01
-1.035986021161079407e-01
-1.035097613930702209e-01
-1.034229770302772522e-01
-1.033382937312126160e-01
-1.032561957836151123e-01
-1.031760722398757935e-01
-1.030980348587036133e-01
-1.030222624540328979e-01
-1.029486283659934998e-01
-1.028769165277481079e-01
-1.028077527880668640e-01
-1.027405932545661926e-01
-1.026753336191177368e-01
-1.026127040386199951e-01
-1.025516390800476074e-01
-1.024931296706199646e-01
-1.024366691708564758e-01
-1.023821756243705750e-01
-1.023302525281906128e-01
-1.022798717021942139e-01
-1.022319421172142029e-01
-1.021857857704162598e-01
-1.021417230367660522e-01
-1.020999997854232788e-01
-1.020600795745849609e-01
-1.020222455263137817e-01
-1.019863560795783997e-01
-1.019529327750205994e-01
-1.019212529063224792e-01
-1.018915548920631409e-01
-1.018639281392097473e-01
-1.018381938338279724e-01
-1.018142476677894592e-01
-1.017925813794136047e-01
-1.017726510763168335e-01
-1.017550453543663025e-01
-1.017393544316291809e-01
-1.017254441976547241e-01
-1.017132103443145752e-01
-1.017033010721206665e-01
-1.016952097415924072e-01
-1.016889140009880066e-01
-1.016842052340507507e-01
-1.016818806529045105e-01
-1.016811355948448181e-01
-1.016824170947074890e-01
-1.016853600740432739e-01
-1.016901582479476929e-01
-1.016966179013252258e-01
-1.017053946852684021e-01
-1.017155274748802185e-01
-1.017277240753173828e-01
-1.017411351203918457e-01
-1.017566323280334473e-01
-1.017739549279212952e-01
-1.017931848764419556e-01
-1.018140837550163269e-01
-1.018361896276473999e-01
-1.018604263663291931e-01
-1.018863841891288757e-01
-1.019135788083076477e-01
-1.019428819417953491e-01
-1.019736602902412415e-01
-1.020061522722244263e-01
-1.020401567220687866e-01
-1.020756438374519348e-01
-1.021131277084350586e-01
-1.021519303321838379e-01
-1.021922230720520020e-01
-1.022344604134559631e-01
-1.022776737809181213e-01
-1.023228615522384644e-01
-1.023694053292274475e-01
-1.024172529578208923e-01
-1.024671569466590881e-01
-1.025180369615554810e-01
-1.025706753134727478e-01
-1.026247963309288025e-01
-1.026802211999893188e-01
-1.027371957898139954e-01
-1.027951464056968689e-01
-1.028548106551170349e-01
-1.029161587357521057e-01
-1.029785498976707458e-01
-1.030424758791923523e-01
-1.031078994274139404e-01
-1.031744331121444702e-01
-1.032421514391899109e-01
-1.033114120364189148e-01
-1.033818945288658142e-01
-1.034539341926574707e-01
-1.035267859697341919e-01
-1.036010310053825378e-01
-1.036768406629562378e-01
-1.037536785006523132e-01
-1.038318052887916565e-01
-1.039110273122787476e-01
-1.039915606379508972e-01
-1.040731891989707947e-01
-1.041564941406250000e-01
-1.042402088642120361e-01
-1.043254733085632324e-01
-1.044117286801338196e-01
-1.044994592666625977e-01
-1.045879572629928589e-01
-1.046775951981544495e-01
-1.047687232494354248e-01
-1.048603653907775879e-01
-1.049535796046257019e-01
-1.050476357340812683e-01
-1.051427647471427917e-01
-1.052388697862625122e-01
-1.053356230258941650e-01
-1.054342016577720642e-01
-1.055331081151962280e-01
-1.056334376335144043e-01
-1.057346463203430176e-01
-1.058363318443298340e-01
-1.059394180774688721e-01
-1.060434132814407349e-01
-1.061484068632125854e-01
-1.062544211745262146e-01
-1.063608825206756592e-01
-1.064685881137847900e-01
-1.065771803259849548e-01
-1.066864356398582458e-01
-1.067967638373374939e-01
-1.069076806306838989e-01
-1.070198044180870056e-01
-1.071322113275527954e-01
-1.072459816932678223e-01
-1.073601543903350830e-01
-1.074754074215888977e-01
-1.075912043452262878e-01
-1.077078282833099365e-01
-1.078254207968711853e-01
-1.079436764121055603e-01
-1.080626845359802246e-01
-1.081821396946907043e-01
-1.083028391003608704e-01
-1.084239557385444641e-01
-1.085454970598220825e-01
-1.086680889129638672e-01
-1.087908595800399780e-01
-1.089147627353668213e-01
-1.090391799807548523e-01
-1.091643944382667542e-01
-1.092898696660995483e-01
-1.094163656234741211e-01
-1.095434501767158508e-01
-1.096707284450531006e-01
-1.097987443208694458e-01
-1.099278330802917480e-01
-1.100568920373916626e-01
-1.101868897676467896e-01
-1.103171706199645996e-01
-1.104482784867286682e-01
-1.105797737836837769e-01
-1.107119172811508179e-01
-1.108443364500999451e-01
-1.109774559736251831e-01
-1.111108362674713135e-01
-1.112448498606681824e-01
-1.113794296979904175e-01
-1.115141808986663818e-01
-1.116498634219169617e-01
-1.117854118347167969e-01
-1.119217351078987122e-01
-1.120583713054656982e-01
-1.121955141425132751e-01
-1.123331636190414429e-01
-1.124710515141487122e-01
-1.126093938946723938e-01
-1.127482876181602478e-01
-1.128871589899063110e-01
-1.130267381668090820e-01
-1.131664589047431946e-01
-1.133067905902862549e-01
-1.134472563862800598e-01
-1.135883033275604248e-01
-1.137294098734855652e-01
-1.138713061809539795e-01
-1.140125095844268799e-01
-1.141545325517654419e-01
-1.142971664667129517e-01
-1.144398599863052368e-01
-1.145825684070587158e-01
-1.147260293364524841e-01
-1.148696169257164001e-01
-1.150132641196250916e-01
-1.151572763919830322e-01
-1.153012737631797791e-01
-1.154458522796630859e-01
-1.155905649065971375e-01
-1.157355010509490967e-01
-1.158806607127189636e-01
-1.160257160663604736e-01
-1.161712780594825745e-01
-1.163168475031852722e-01
-1.164626330137252808e-01
-1.166086494922637939e-01
-1.167548596858978271e-01
-1.169013082981109619e-01
-1.170475855469703674e-01
-1.171943470835685730e-01
-1.173410937190055847e-01
-1.174876689910888672e-01
-1.176351085305213928e-01
-1.177817732095718384e-01
-1.179290562868118286e-01
-1.180762201547622681e-01
-1.182236596941947937e-01
-1.183712035417556763e-01
-1.185184121131896973e-01
-1.186664998531341553e-01
-1.188141405582427979e-01
-1.189617216587066650e-01
-1.191089972853660583e-01
-1.192572265863418579e-01
-1.194051131606101990e-01
-1.195529252290725708e-01
-1.197008267045021057e-01
-1.198485344648361206e-01
-1.199966520071029663e-01
-1.201443001627922058e-01
-1.202923804521560669e-01
-1.204401701688766479e-01
-1.205880418419837952e-01
-1.207357943058013916e-01
-1.208836361765861511e-01
-1.210313290357589722e-01
-1.211793422698974609e-01
-1.213269904255867004e-01
-1.214747577905654907e-01
-1.216219291090965271e-01
-1.217697411775588989e-01
-1.219171881675720215e-01
-1.220647692680358887e-01
-1.222120150923728943e-01
-1.223590672016143799e-01
-1.225063800811767578e-01
-1.226532533764839172e-01
-1.228001639246940613e-01
-1.229468509554862976e-01
-1.230935305356979370e-01
-1.232400909066200256e-01
-1.233866065740585327e-01
-1.235328242182731628e-01
-1.236792653799057007e-01
-1.238253414630889893e-01
-1.239710599184036255e-01
-1.241167187690734863e-01
-1.242623180150985718e-01
-1.244074702262878418e-01
-1.245527565479278564e-01
-1.246978044509887695e-01
-1.248426735401153564e-01
-1.249872967600822449e-01
-1.251319944858551025e-01
-1.252758651971817017e-01
-1.254199445247650146e-01
-1.255640387535095215e-01
-1.257075965404510498e-01
-1.258509457111358643e-01
-1.259939968585968018e-01
-1.261370629072189331e-01
-1.262798607349395752e-01
-1.264224648475646973e-01
-1.265646219253540039e-01
-1.267064362764358521e-01
-1.268483847379684448e-01
-1.269898265600204468e-01
-1.271311938762664795e-01
-1.272717565298080444e-01
-1.274125427007675171e-01
-1.275529414415359497e-01
-1.276931613683700562e-01
-1.278331726789474487e-01
-1.279724985361099243e-01
-1.281115561723709106e-01
-1.282506883144378662e-01
-1.283892989158630371e-01
-1.285274773836135864e-01
-1.286654621362686157e-01
-1.288031786680221558e-01
-1.289405673742294312e-01
-1.290774494409561157e-01
-1.292144358158111572e-01
-1.293506175279617310e-01
-1.294865608215332031e-01
-1.296223253011703491e-01
-1.297574192285537720e-01
-1.298923343420028687e-01
-1.300271302461624146e-01
-1.301612704992294312e-01
-1.302951723337173462e-01
-1.304284036159515381e-01
-1.305617690086364746e-01
-1.306941211223602295e-01
-1.308266371488571167e-01
-1.309584081172943115e-01
-1.310903578996658325e-01
-1.312212944030761719e-01
-1.313518285751342773e-01
-1.314820349216461182e-01
-1.316120624542236328e-01
-1.317415684461593628e-01
-1.318705976009368896e-01
-1.319992095232009888e-01
-1.321276128292083740e-01
-1.322553902864456177e-01
-1.323825567960739136e-01
-1.325094699859619141e-01
-1.326358914375305176e-01
-1.327618509531021118e-01
-1.328876316547393799e-01
-1.330126374959945679e-01
-1.331371963024139404e-01
-1.332612037658691406e-01
-1.333850026130676270e-01
-1.335079967975616455e-01
-1.336308121681213379e-01
-1.337531507015228271e-01
-1.338748782873153687e-01
-1.339960843324661255e-01
-1.341170370578765869e-01
-1.342372894287109375e-01
-1.343571841716766357e-01
-1.344762891530990601e-01
-1.345951110124588013e-01
-1.347133517265319824e-01
-1.348312646150588989e-01
-1.349480450153350830e-01
-1.350650489330291748e-01
-1.351812779903411865e-01
-1.352969557046890259e-01
-1.354120820760726929e-01
-1.355265825986862183e-01
-1.356407403945922852e-01
-1.357543319463729858e-01
-1.358669549226760864e-01
-1.359797120094299316e-01
-1.360914856195449829e-01
-1.362029016017913818e-01
-1.363135576248168945e-01
-1.364235728979110718e-01
-1.365329772233963013e-01
-1.366424262523651123e-01
-1.367509663105010986e-01
-1.368587017059326172e-01
-1.369660645723342896e-01
-1.370725333690643311e-01
-1.371787637472152710e-01
-1.372844278812408447e-01
-1.373894214630126953e-01
-1.374936699867248535e-01
-1.375976204872131348e-01
-1.377008259296417236e-01
-1.378035247325897217e-01
-1.379054337739944458e-01
-1.380066275596618652e-01
-1.381073892116546631e-01
-1.382075250148773193e-01
-1.383071243762969971e-01
-1.384060531854629517e-01
-1.385042965412139893e-01
-1.386019587516784668e-01
-1.386989653110504150e-01
-1.387952268123626709e-01
-1.388908326625823975e-01
-1.389859020709991455e-01
-1.390804350376129150e-01
-1.391742527484893799e-01
-1.392675042152404785e-01
-1.393598914146423340e-01
-1.394518464803695679e-01
-1.395430117845535278e-01
-1.396335959434509277e-01
-1.397237330675125122e-01
-1.398128718137741089e-01
-1.399012655019760132e-01
-1.399893462657928467e-01
-1.400765776634216309e-01
-1.401630043983459473e-01
-1.402489095926284790e-01
-1.403341740369796753e-01
-1.404185742139816284e-01
-1.405026316642761230e-01
-1.405857652425765991e-01
-1.406681537628173828e-01
-1.407499313354492188e-01
-1.408310234546661377e-01
-1.409112662076950073e-01
-1.409911215305328369e-01
-1.410702615976333618e-01
-1.411484628915786743e-01
-1.412263512611389160e-01
-1.413031518459320068e-01
-1.413795500993728638e-01
-1.414548307657241821e-01
-1.415298283100128174e-01
-1.416036784648895264e-01
-1.416772902011871338e-01
-1.417499333620071411e-01
-1.418218016624450684e-01
-1.418932974338531494e-01
-1.419638246297836304e-01
-1.420335471630096436e-01
-1.421027779579162598e-01
-1.421710997819900513e-01
-1.422386765480041504e-01
-1.423056721687316895e-01
-1.423718631267547607e-01
-1.424373686313629150e-01
-1.425020843744277954e-01
-1.425660699605941772e-01
-1.426293849945068359e-01
-1.426919847726821899e-01
-1.427538841962814331e-01
-1.428147405385971069e-01
-1.428752690553665161e-01
-1.429346650838851929e-01
-1.429934799671173096e-01
-1.430515795946121216e-01
-1.431092917919158936e-01
-1.431660801172256470e-01
-1.432218104600906372e-01
-1.432768851518630981e-01
-1.433315277099609375e-01
-1.433850973844528198e-01
-1.434379667043685913e-01
-1.434900760650634766e-01
-1.435414850711822510e-01
-1.435920894145965576e-01
-1.436423212289810181e-01
-1.436913609504699707e-01
-1.437396407127380371e-01
-1.437874734401702881e-01
-1.438341438770294189e-01
-1.438805460929870605e-01
-1.439260095357894897e-01
-1.439705789089202881e-01
-1.440145820379257202e-01
-1.440574973821640015e-01
-1.441001743078231812e-01
-1.441416740417480469e-01
-1.441828161478042603e-01
-1.442226767539978027e-01
-1.442620754241943359e-01
-1.443006992340087891e-01
-1.443386375904083252e-01
-1.443757116794586182e-01
-1.444120407104492188e-01
-1.444475352764129639e-01
-1.444824784994125366e-01
-1.445164978504180908e-01
-1.445499062538146973e-01
-1.445821672677993774e-01
-1.446142494678497314e-01
-1.446454524993896484e-01
-1.446755528450012207e-01
-1.447051018476486206e-01
-1.447339355945587158e-01
-1.447617113590240479e-01
-1.447892040014266968e-01
-1.448156237602233887e-01
-1.448415964841842651e-01
-1.448664069175720215e-01
-1.448906213045120239e-01
-1.449142992496490479e-01
-1.449370235204696655e-01
-1.449588835239410400e-01
-1.449801921844482422e-01
-1.450006812810897827e-01
-1.450205445289611816e-01
-1.450395286083221436e-01
-1.450577378273010254e-01
-1.450752615928649902e-01
-1.450917273759841919e-01
-1.451077908277511597e-01
-1.451230943202972412e-01
-1.451376080513000488e-01
-1.451513916254043579e-01
-1.451645046472549438e-01
-1.451767683029174805e-01
-1.451883167028427124e-01
-1.451988220214843750e-01
-1.452092379331588745e-01
-1.452185064554214478e-01
-1.452272385358810425e-01
-1.452349126338958740e-01
-1.452417671680450439e-01
-1.452485620975494385e-01
-1.452539712190628052e-01
-1.452589631080627441e-01
-1.452631950378417969e-01
-1.452666670083999634e-01
-1.452692002058029175e-01
-1.452713757753372192e-01
-1.452724784612655640e-01
-1.452731490135192871e-01
-1.452729552984237671e-01
-1.452719271183013916e-01
-1.452703922986984253e-01
-1.452679038047790527e-01
-1.452649682760238647e-01
-1.452613770961761475e-01
-1.452567279338836670e-01
-1.452516019344329834e-01
-1.452456265687942505e-01
-1.452392190694808960e-01
-1.452318727970123291e-01
-1.452236622571945190e-01
-1.452149301767349243e-01
-1.452056169509887695e-01
-1.451954990625381470e-01
-1.451845020055770874e-01
-1.451729387044906616e-01
-1.451608240604400635e-01
-1.451478153467178345e-01
-1.451340168714523315e-01
-1.451198756694793701e-01
-1.451048254966735840e-01
-1.450892388820648193e-01
-1.450728625059127808e-01
-1.450558602809906006e-01
-1.450380235910415649e-01
-1.450196206569671631e-01
-1.450005620718002319e-01
-1.449806392192840576e-01
-1.449603885412216187e-01
-1.449392586946487427e-01
-1.449177414178848267e-01
-1.448948979377746582e-01
-1.448718905448913574e-01
-1.448482275009155273e-01
-1.448236703872680664e-01
-1.447984427213668823e-01
-1.447727680206298828e-01
-1.447459161281585693e-01
-1.447192579507827759e-01
-1.446914374828338623e-01
-1.446630507707595825e-01
-1.446341872215270996e-01
-1.446042358875274658e-01
-1.445740908384323120e-01
-1.445431113243103027e-01
-1.445113122463226318e-01
-1.444794535636901855e-01
-1.444463729858398438e-01
-1.444127857685089111e-01
-1.443786174058914185e-01
-1.443440616130828857e-01
-1.443085074424743652e-01
-1.442725062370300293e-01
-1.442358642816543579e-01
-1.441983729600906372e-01
-1.441606134176254272e-01
-1.441218703985214233e-01
-1.440830081701278687e-01
-1.440431624650955200e-01
-1.440027654170989990e-01
-1.439617872238159180e-01
-1.439203619956970215e-01
-1.438780277967453003e-01
-1.438354402780532837e-01
-1.437919288873672485e-01
-1.437479555606842041e-01
-1.437033712863922119e-01
-1.436583399772644043e-01
-1.436124444007873535e-01
-1.435661911964416504e-01
-1.435192376375198364e-01
-1.434719264507293701e-01
-1.434234976768493652e-01
-1.433746814727783203e-01
-1.433255076408386230e-01
-1.432754844427108765e-01
-1.432252079248428345e-01
-1.431746482849121094e-01
-1.431226879358291626e-01
-1.430704444646835327e-01
-1.430174857378005981e-01
-1.429645121097564697e-01
-1.429107636213302612e-01
-1.428563147783279419e-01
-1.428011208772659302e-01
-1.427455395460128784e-01
-1.426896005868911743e-01
-1.426332145929336548e-01
-1.425760388374328613e-01
-1.425181478261947632e-01
-1.424598395824432373e-01
-1.424009054899215698e-01
-1.423413753509521484e-01
-1.422817111015319824e-01
-1.422213912010192871e-01
-1.421600282192230225e-01
-1.420986801385879517e-01
-1.420367211103439331e-01
-1.419743299484252930e-01
-1.419110894203186035e-01
-1.418473124504089355e-01
-1.417832970619201660e-01
-1.417184770107269287e-01
-1.416532844305038452e-01
-1.415875852108001709e-01
-1.415213942527770996e-01
-1.414543539285659790e-01
-1.413874179124832153e-01
-1.413191556930541992e-01
-1.412512063980102539e-01
-1.411822140216827393e-01
-1.411128789186477661e-01
-1.410427987575531006e-01
-1.409724652767181396e-01
-1.409016847610473633e-01
-1.408304125070571899e-01
-1.407583951950073242e-01
-1.406861692667007446e-01
-1.406136155128479004e-01
-1.405398994684219360e-01
-1.404663026332855225e-01
-1.403917819261550903e-01
-1.403171569108963013e-01
-1.402415931224822998e-01
-1.401659995317459106e-01
-1.400894820690155029e-01
-1.400130242109298706e-01
-1.399357616901397705e-01
-1.398577839136123657e-01
-1.397798061370849609e-01
-1.397008299827575684e-01
-1.396219134330749512e-01
-1.395423114299774170e-01
-1.394620686769485474e-01
-1.393816620111465454e-01
-1.393004357814788818e-01
-1.392190009355545044e-01
-1.391370147466659546e-01
-1.390544474124908447e-01
-1.389716863632202148e-01
-1.388881653547286987e-01
-1.388041377067565918e-01
-1.387201249599456787e-01
-1.386352181434631348e-01
-1.385500431060791016e-01
-1.384643912315368652e-01
-1.383781582117080688e-01
-1.382915526628494263e-01
-1.382045298814773560e-01
-1.381170153617858887e-01
-1.380290836095809937e-01
-1.379409283399581909e-01
-1.378518790006637573e-01
-1.377627402544021606e-01
-1.376728713512420654e-01
-1.375825554132461548e-01
-1.374921500682830811e-01
-1.374010145664215088e-01
-1.373096257448196411e-01
-1.372176110744476318e-01
-1.371253132820129395e-01
-1.370324492454528809e-01
-1.369390934705734253e-01
-1.368455439805984497e-01
-1.367515474557876587e-01
-1.366569846868515015e-01
-1.365618109703063965e-01
-1.364665925502777100e-01
-1.363707482814788818e-01
-1.362743377685546875e-01
-1.361775398254394531e-01
-1.360803693532943726e-01
-1.359829157590866089e-01
-1.358848810195922852e-01
-1.357863545417785645e-01
-1.356876641511917114e-01
-1.355885267257690430e-01
-1.354888826608657837e-01
-1.353886872529983521e-01
-1.352881789207458496e-01
-1.351871937513351440e-01
-1.350859254598617554e-01
-1.349842250347137451e-01
-1.348819881677627563e-01
-1.347793787717819214e-01
-1.346763521432876587e-01
-1.345728337764739990e-01
-1.344692409038543701e-01
-1.343647390604019165e-01
-1.342601776123046875e-01
-1.341551095247268677e-01
-1.340495198965072632e-01
-1.339439004659652710e-01
-1.338374316692352295e-01
-1.337308138608932495e-01
-1.336238384246826172e-01
-1.335164457559585571e-01
-1.334082782268524170e-01
-1.333000361919403076e-01
-1.331912875175476074e-01
-1.330824941396713257e-01
-1.329726725816726685e-01
-1.328626573085784912e-01
-1.327525079250335693e-01
-1.326416283845901489e-01
-1.325307190418243408e-01
-1.324193328619003296e-01
-1.323072761297225952e-01
-1.321948766708374023e-01
-1.320822238922119141e-01
-1.319691985845565796e-01
-1.318556964397430420e-01
-1.317418515682220459e-01
-1.316272318363189697e-01
-1.315128356218338013e-01
-1.313978880643844604e-01
-1.312823295593261719e-01
-1.311664879322052002e-01
-1.310503184795379639e-01
-1.309334933757781982e-01
-1.308167427778244019e-01
-1.306991726160049438e-01
-1.305816173553466797e-01
-1.304632872343063354e-01
-1.303446888923645020e-01
-1.302255839109420776e-01
-1.301063597202301025e-01
-1.299865692853927612e-01
-1.298667192459106445e-01
-1.297462135553359985e-01
-1.296253800392150879e-01
-1.295040845870971680e-01
-1.293824464082717896e-01
-1.292604207992553711e-01
-1.291380673646926880e-01
-1.290153712034225464e-01
-1.288921386003494263e-01
-1.287685483694076538e-01
-1.286449879407882690e-01
-1.285205781459808350e-01
-1.283958554267883301e-01
-1.282709836959838867e-01
-1.281455755233764648e-01
-1.280197054147720337e-01
-1.278935223817825317e-01
-1.277670860290527344e-01
-1.276401281356811523e-01
-1.275127828121185303e-01
-1.273851394653320312e-01
-1.272570192813873291e-01
-1.271285861730575562e-01
-1.269998252391815186e-01
-1.268708705902099609e-01
-1.267411857843399048e-01
-1.266115605831146240e-01
-1.264810860157012939e-01
-1.263504028320312500e-01
-1.262195557355880737e-01
-1.260881870985031128e-01
-1.259564608335494995e-01
-1.258244812488555908e-01
-1.256916970014572144e-01
-1.255591213703155518e-01
-1.254256814718246460e-01
-1.252921223640441895e-01
-1.251583397388458252e-01
-1.250241547822952271e-01
-1.248893886804580688e-01
-1.247543841600418091e-01
-1.246190890669822693e-01
-1.244834885001182556e-01
-1.243471279740333557e-01
-1.242104694247245789e-01
-1.240739226341247559e-01
-1.239366233348846436e-01
-1.237989664077758789e-01
-1.236610487103462219e-01
-1.235230565071105957e-01
-1.233839690685272217e-01
-1.232452020049095154e-01
-1.231058537960052490e-01
-1.229659095406532288e-01
-1.228260695934295654e-01
-1.226856634020805359e-01
-1.225445866584777832e-01
-1.224034726619720459e-01
-1.222622022032737732e-01
-1.221200600266456604e-01
-1.219777390360832214e-01
-1.218352019786834717e-01
-1.216923221945762634e-01
-1.215490251779556274e-01
-1.214052215218544006e-01
-1.212614476680755615e-01
-1.211168840527534485e-01
-1.209718137979507446e-01
-1.208268553018569946e-01
-1.206810697913169861e-01
-1.205355599522590637e-01
-1.203894615173339844e-01
-1.202426850795745850e-01
-1.200958937406539917e-01
-1.199484691023826599e-01
-1.198009923100471497e-01
-1.196528077125549316e-01
-1.195043474435806274e-01
-1.193558946251869202e-01
-1.192069053649902344e-01
-1.190572604537010193e-01
-1.189075782895088196e-01
-1.187573075294494629e-01
-1.186071187257766724e-01
-1.184558719396591187e-01
-1.183047443628311157e-01
-1.181532144546508789e-01
-1.180012822151184082e-01
-1.178489997982978821e-01
-1.176962852478027344e-01
-1.175430938601493835e-01
-1.173898577690124512e-01
-1.172361522912979126e-01
-1.170819252729415894e-01
-1.169274896383285522e-01
-1.167728453874588013e-01
-1.166170015931129456e-01
-1.164616867899894714e-01
-1.163058429956436157e-01
-1.161496266722679138e-01
-1.159929186105728149e-01
-1.158358752727508545e-01
-1.156784147024154663e-01
-1.155205965042114258e-01
-1.153625547885894775e-01
-1.152038723230361938e-01
-1.150450408458709717e-01
-1.148857325315475464e-01
-1.147263422608375549e-01
-1.145660057663917542e-01
-1.144056990742683411e-01
-1.142449900507926941e-01
-1.140839979052543640e-01
-1.139223799109458923e-01
-1.137605756521224976e-01
-1.135983839631080627e-01
-1.134357526898384094e-01
-1.132727116346359253e-01
-1.131092533469200134e-01
-1.129453033208847046e-01
-1.127813905477523804e-01
-1.126167923212051392e-01
-1.124517768621444702e-01
-1.122863143682479858e-01
-1.121208444237709045e-01
-1.119546741247177124e-01
-1.117884442210197449e-01
-1.116215810179710388e-01
-1.114541515707969666e-01
-1.112864017486572266e-01
-1.111183166503906250e-01
-1.109500154852867126e-01
-1.107809469103813171e-01
-1.106118112802505493e-01
-1.104419454932212830e-01
-1.102720946073532104e-01
-1.101016104221343994e-01
-1.099307462573051453e-01
-1.097596138715744019e-01
-1.095876544713973999e-01
-1.094154641032218933e-01
-1.092430576682090759e-01
-1.090701296925544739e-01
-1.088967546820640564e-01
-1.087229549884796143e-01
-1.085485443472862244e-01
-1.083740144968032837e-01
-1.081987172365188599e-01
-1.080232560634613037e-01
-1.078474894165992737e-01
-1.076710149645805359e-01
-1.074943020939826965e-01
-1.073172166943550110e-01
-1.071393489837646484e-01
-1.069614663720130920e-01
-1.067826673388481140e-01
-1.066039055585861206e-01
-1.064243018627166748e-01
-1.062442883849143982e-01
-1.060639470815658569e-01
-1.058834493160247803e-01
-1.057015359401702881e-01
-1.055201739072799683e-01
-1.053376793861389160e-01
-1.051551401615142822e-01
-1.049718335270881653e-01
-1.047882586717605591e-01
-1.046040356159210205e-01
-1.044193431735038757e-01
-1.042343899607658386e-01
-1.040490791201591492e-01
-1.038629561662673950e-01
-1.036763787269592285e-01
-1.034892052412033081e-01
-1.033016815781593323e-01
-1.031137406826019287e-01
-1.029251962900161743e-01
-1.027361750602722168e-01
-1.025467664003372192e-01
-1.023564934730529785e-01
-1.021660491824150085e-01
-1.019748523831367493e-01
-1.017834544181823730e-01
-1.015913337469100952e-01
-1.013983190059661865e-01
-1.012054011225700378e-01
-1.010114178061485291e-01
-1.008176729083061218e-01
-1.006224900484085083e-01
-1.004270315170288086e-01
-1.002311035990715027e-01
-1.000349521636962891e-01
-9.983769804239273071e-02
-9.964016824960708618e-02
-9.944221377372741699e-02
-9.924318641424179077e-02
-9.904386103153228760e-02
-9.884416311979293823e-02
-9.864373505115509033e-02
-9.844282269477844238e-02
-9.824115782976150513e-02
-9.803927689790725708e-02
-9.783619642257690430e-02
-9.763276576995849609e-02
-9.742891043424606323e-02
-9.722424298524856567e-02
-9.701903909444808960e-02
-9.681363403797149658e-02
-9.660735726356506348e-02
-9.639991074800491333e-02
-9.619230031967163086e-02
-9.598394483327865601e-02
-9.577502310276031494e-02
-9.556592255830764771e-02
-9.535556286573410034e-02
-9.514479339122772217e-02
-9.493336081504821777e-02
-9.472113847732543945e-02
-9.450874477624893188e-02
-9.429520368576049805e-02
-9.408127516508102417e-02
-9.386649727821350098e-02
-9.365115314722061157e-02
-9.343537688255310059e-02
-9.321863949298858643e-02
-9.300121665000915527e-02
-9.278305619955062866e-02
-9.256450831890106201e-02
-9.234507381916046143e-02
-9.212497621774673462e-02
-9.190413355827331543e-02
-9.168244153261184692e-02
-9.146060794591903687e-02
-9.123768657445907593e-02
-9.101396054029464722e-02
-9.078971296548843384e-02
-9.056459367275238037e-02
-9.033909440040588379e-02
-9.011248499155044556e-02
-8.988546580076217651e-02
-8.965766429901123047e-02
-8.942888677120208740e-02
-8.919949829578399658e-02
-8.896955102682113647e-02
-8.873857557773590088e-02
-8.850728720426559448e-02
-8.827465772628784180e-02
-8.804185688495635986e-02
-8.780816942453384399e-02
-8.757337927818298340e-02
-8.733803033828735352e-02
-8.710221201181411743e-02
-8.686544746160507202e-02
-8.662762492895126343e-02
-8.638945221900939941e-02
-8.615031093358993530e-02
-8.591034263372421265e-02
-8.566973358392715454e-02
-8.542834967374801636e-02
-8.518613874912261963e-02
-8.494322746992111206e-02
-8.469922095537185669e-02
-8.445511013269424438e-02
-8.420966565608978271e-02
-8.396361023187637329e-02
-8.371665328741073608e-02
-8.346901834011077881e-02
-8.322053402662277222e-02
-8.297095447778701782e-02
-8.272093534469604492e-02
-8.247005939483642578e-02
-8.221860229969024658e-02
-8.196609467267990112e-02
-8.171253651380538940e-02
-8.145841956138610840e-02
-8.120378851890563965e-02
-8.094780147075653076e-02
-8.069156110286712646e-02
-8.043409883975982666e-02
-8.017589896917343140e-02
-7.991699129343032837e-02
-7.965698838233947754e-02
-7.939638197422027588e-02
-7.913497090339660645e-02
-7.887303084135055542e-02
-7.861000299453735352e-02
-7.834585011005401611e-02
-7.808122783899307251e-02
-7.781597226858139038e-02
-7.754940539598464966e-02
-7.728236168622970581e-02
-7.701411098241806030e-02
-7.674545794725418091e-02
-7.647583633661270142e-02
-7.620564103126525879e-02
-7.593446969985961914e-02
-7.566217333078384399e-02
-7.538945227861404419e-02
-7.511565089225769043e-02
-7.484117150306701660e-02
-7.456595450639724731e-02
-7.428948581218719482e-02
-7.401266694068908691e-02
-7.373492419719696045e-02
-7.345619052648544312e-02
-7.317691296339035034e-02
-7.289642840623855591e-02
-7.261557877063751221e-02
-7.233364135026931763e-02
-7.205076515674591064e-02
-7.176739722490310669e-02
-7.148300111293792725e-02
-7.119794934988021851e-02
-7.091185450553894043e-02
-7.062505930662155151e-02
-7.033752650022506714e-02
-7.004937529563903809e-02
-6.976003199815750122e-02
-6.947007775306701660e-02
-6.917957961559295654e-02
-6.888769567012786865e-02
-6.859569996595382690e-02
-6.830236315727233887e-02
-6.800846755504608154e-02
-6.771341711282730103e-02
-6.741812080144882202e-02
-6.712171435356140137e-02
-6.682457774877548218e-02
-6.652697920799255371e-02
-6.622822582721710205e-02
-6.592904031276702881e-02
-6.562884896993637085e-02
-6.532768160104751587e-02
-6.502609699964523315e-02
-6.472331285476684570e-02
-6.442006677389144897e-02
-6.411619484424591064e-02
-6.381115317344665527e-02
-6.350572407245635986e-02
-6.319937855005264282e-02
-6.289255619049072266e-02
-6.258479505777359009e-02
-6.227625533938407898e-02
-6.196684390306472778e-02
-6.165686622262001038e-02
-6.134613603353500366e-02
-6.103495135903358459e-02
-6.072238832712173462e-02
-6.040984392166137695e-02
-6.009589508175849915e-02
-5.978171899914741516e-02
-5.946668237447738647e-02
-5.915079265832901001e-02
-5.883422493934631348e-02
-5.851722136139869690e-02
-5.819947645068168640e-02
-5.788081139326095581e-02
-5.756140872836112976e-02
-5.724147707223892212e-02
-5.692088603973388672e-02
-5.659972503781318665e-02
-5.627778172492980957e-02
-5.595523491501808167e-02
-5.563182756304740906e-02
-5.530792474746704102e-02
-5.498331040143966675e-02
-5.465811118483543396e-02
-5.433223396539688110e-02
-5.400561913847923279e-02
-5.367858707904815674e-02
-5.335085466504096985e-02
-5.302242189645767212e-02
-5.269344523549079895e-02
-5.236368253827095032e-02
-5.203335359692573547e-02
-5.170250684022903442e-02
-5.137092247605323792e-02
-5.103871226310729980e-02
-5.070607364177703857e-02
-5.037260800600051880e-02
-5.003896728157997131e-02
-4.970441386103630066e-02
-4.936905950307846069e-02
-4.903397709131240845e-02
-4.869764670729637146e-02
-4.836084693670272827e-02
-4.802329093217849731e-02
-4.768602922558784485e-02
-4.734716936945915222e-02
-4.700826853513717651e-02
-4.666886478662490845e-02
-4.632883518934249878e-02
-4.598836600780487061e-02
-4.564725235104560852e-02
-4.530537873506546021e-02
-4.496349021792411804e-02
-4.462074860930442810e-02
-4.427773132920265198e-02
-4.393424838781356812e-02
-4.359009116888046265e-02
-4.324526712298393250e-02
-4.290023818612098694e-02
-4.255475848913192749e-02
-4.220861196517944336e-02
-4.186218231916427612e-02
-4.151520133018493652e-02
-4.116801545023918152e-02
-4.082013294100761414e-02
-4.047157242894172668e-02
-4.012288525700569153e-02
-3.977371752262115479e-02
-3.942402079701423645e-02
-3.907388821244239807e-02
-3.872351348400115967e-02
-3.837243840098381042e-02
-3.802123665809631348e-02
-3.766945749521255493e-02
-3.731772676110267639e-02
-3.696484863758087158e-02
-3.661218285560607910e-02
-3.625864908099174500e-02
-3.590520843863487244e-02
-3.555124253034591675e-02
-3.519671782851219177e-02
-3.484209999442100525e-02
-3.448692709207534790e-02
-3.413128480315208435e-02
-3.377549722790718079e-02
-3.341947868466377258e-02
-3.306294977664947510e-02
-3.270611166954040527e-02
-3.234902769327163696e-02
-3.199160471558570862e-02
-3.163374960422515869e-02
-3.127555921673774719e-02
-3.091713041067123413e-02
-3.055864386260509491e-02
-3.019961528480052948e-02
-2.984026260673999786e-02
-2.948087081313133240e-02
-2.912086248397827148e-02
-2.876080200076103210e-02
-2.840039134025573730e-02
-2.803983539342880249e-02
-2.767910994589328766e-02
-2.731769718229770660e-02
-2.695642970502376556e-02
-2.659486792981624603e-02
-2.623284235596656799e-02
-2.587082609534263611e-02
-2.550847455859184265e-02
-2.514597401022911072e-02
-2.478312887251377106e-02
-2.442028187215328217e-02
-2.405721321702003479e-02
-2.369381859898567200e-02
-2.333043701946735382e-02
-2.296646684408187866e-02
-2.260245755314826965e-02
-2.223808318376541138e-02
-2.187416143715381622e-02
-2.150975540280342102e-02
-2.114507742226123810e-02
-2.078051865100860596e-02
-2.041503973305225372e-02
-2.005037665367126465e-02
-1.968520879745483398e-02
-1.931991614401340485e-02
-1.895418763160705566e-02
-1.858869567513465881e-02
-1.822315901517868042e-02
-1.785734295845031738e-02
-1.749158650636672974e-02
-1.712523587048053741e-02
-1.675910316407680511e-02
-1.639300957322120667e-02
-1.602656766772270203e-02
-1.566008292138576508e-02
-1.529374532401561737e-02
-1.492717023938894272e-02
-1.456074509769678116e-02
-1.419393066316843033e-02
-1.382721681147813797e-02
-1.346062030643224716e-02
-1.309374067932367325e-02
-1.272687967866659164e-02
-1.236002612859010696e-02
-1.199315208941698074e-02
-1.162609364837408066e-02
-1.125918701291084290e-02
-1.089239958673715591e-02
-1.052534021437168121e-02
-1.015853323042392731e-02
-9.791309013962745667e-03
-9.424560703337192535e-03
-9.057687595486640930e-03
-8.690575137734413147e-03
-8.323800750076770782e-03
-7.957053370773792267e-03
-7.590067107230424881e-03
-7.223491556942462921e-03
-6.856637541204690933e-03
-6.489783991128206253e-03
-6.123512051999568939e-03
-5.756882950663566589e-03
-5.390532314777374268e-03
-5.023790989071130753e-03
-4.657810088247060776e-03
-4.291492048650979996e-03
-3.925233613699674606e-03
-3.559312550351023674e-03
-3.193100215867161751e-03
-2.827543066814541817e-03
-2.461826894432306290e-03
-2.096117241308093071e-03
-1.730685704387724400e-03
-1.365399570204317570e-03
-1.000192831270396709e-03
-6.348405149765312672e-04
-2.702555211726576090e-04
9.442208829568699002e-05
4.588615847751498222e-04
8.236516150645911694e-04
1.187714049592614174e-03
1.551922061480581760e-03
1.915481872856616974e-03
2.279359148815274239e-03
2.643203129991889000e-03
3.006174229085445404e-03
3.369429847225546837e-03
3.732301760464906693e-03
4.095021169632673264e-03
4.457218572497367859e-03
4.819792695343494415e-03
5.181659013032913208e-03
5.543207749724388123e-03
5.904703866690397263e-03
6.266087293624877930e-03
6.626981310546398163e-03
6.988021545112133026e-03
7.348360028117895126e-03
7.708255201578140259e-03
8.068202994763851166e-03
8.427576161921024323e-03
8.787028491497039795e-03
9.145878255367279053e-03
9.504715912044048309e-03
9.862930513918399811e-03
1.022094767540693283e-02
1.057877857238054276e-02
1.093588303774595261e-02
1.129308622330427170e-02
1.164958160370588303e-02
1.200599130243062973e-02
1.236202381551265717e-02
1.271768566220998764e-02
1.307273935526609421e-02
1.342774089425802231e-02
1.378226466476917267e-02
1.413619332015514374e-02
1.448969822376966476e-02
1.484294049441814423e-02
1.519604865461587906e-02
1.554860174655914307e-02
1.590029522776603699e-02
1.625200174748897552e-02
1.660311408340930939e-02
1.695376075804233551e-02
1.730415783822536469e-02
1.765374839305877686e-02
1.800323277711868286e-02
1.835218630731105804e-02
1.870007067918777466e-02
1.904796808958053589e-02
1.939549483358860016e-02
1.974250376224517822e-02
2.008844353258609772e-02
2.043460495769977570e-02
2.078017406165599823e-02
2.112483046948909760e-02
2.146896906197071075e-02
2.181284502148628235e-02
2.215591259300708771e-02
2.249874174594879150e-02
2.284048683941364288e-02
2.318219281733036041e-02
2.352305129170417786e-02
2.386356703937053680e-02
2.420335449278354645e-02
2.454226836562156677e-02
2.488078549504280090e-02
2.521856129169464111e-02
2.555608563125133514e-02
2.589259296655654907e-02
2.622871473431587219e-02
2.656407095491886139e-02
2.689876407384872437e-02
2.723291702568531036e-02
2.756635285913944244e-02
2.789923548698425293e-02
2.823107317090034485e-02
2.856272272765636444e-02
2.889333106577396393e-02
2.922315523028373718e-02
2.955253235995769501e-02
2.988107502460479736e-02
3.020895458757877350e-02
3.053601458668708801e-02
3.086240403354167938e-02
3.118781000375747681e-02
3.151305764913558960e-02
3.183707594871520996e-02
3.216026350855827332e-02
3.248283639550209045e-02
3.280463442206382751e-02
3.312568739056587219e-02
3.344587236642837524e-02
3.376524522900581360e-02
3.408378735184669495e-02
3.440128266811370850e-02
3.471834212541580200e-02
3.503431752324104309e-02
3.534949943423271179e-02
3.566386178135871887e-02
3.597762435674667358e-02
3.629017621278762817e-02
3.660186380147933960e-02
3.691272065043449402e-02
3.722287341952323914e-02
3.753186389803886414e-02
3.783987462520599365e-02
3.814736753702163696e-02
3.845355659723281860e-02
3.875872120261192322e-02
3.906328231096267700e-02
3.936703130602836609e-02
3.966951370239257812e-02
3.997118771076202393e-02
4.027182981371879578e-02
4.057158529758453369e-02
4.087011516094207764e-02
4.116803035140037537e-02
4.146447777748107910e-02
4.176043719053268433e-02
4.205532744526863098e-02
4.234848171472549438e-02
4.264125227928161621e-02
4.293321818113327026e-02
4.322369769215583801e-02
4.351321607828140259e-02
4.380153119564056396e-02
4.408892989158630371e-02
4.437557607889175415e-02
4.466047510504722595e-02
4.494479298591613770e-02
4.522777348756790161e-02
4.550984129309654236e-02
4.579044505953788757e-02
4.607023671269416809e-02
4.634885489940643311e-02
4.662670195102691650e-02
4.690288752317428589e-02
4.717838019132614136e-02
4.745244607329368591e-02
4.772522673010826111e-02
4.799697920680046082e-02
4.826768487691879272e-02
4.853696003556251526e-02
4.880521818995475769e-02
4.907242953777313232e-02
4.933846741914749146e-02
4.960315302014350891e-02
4.986655712127685547e-02
5.012864619493484497e-02
5.038965493440628052e-02
5.064933374524116516e-02
5.090800672769546509e-02
5.116543173789978027e-02
5.142163857817649841e-02
5.167645961046218872e-02
5.193033814430236816e-02
5.218246206641197205e-02
5.243376269936561584e-02
5.268351361155509949e-02
5.293197929859161377e-02
5.317930877208709717e-02
5.342542380094528198e-02
5.366997793316841125e-02
5.391349643468856812e-02
5.415581539273262024e-02
5.439633876085281372e-02
5.463594570755958557e-02
5.487383902072906494e-02
5.511095002293586731e-02
5.534622445702552795e-02
5.558065697550773621e-02
5.581331253051757812e-02
5.604507029056549072e-02
5.627528205513954163e-02
5.650409311056137085e-02
5.673148483037948608e-02
5.695770308375358582e-02
5.718264728784561157e-02
5.740599706768989563e-02
5.762793496251106262e-02
5.784878134727478027e-02
5.806826427578926086e-02
5.828626453876495361e-02
5.850287899374961853e-02
5.871804803609848022e-02
5.893193185329437256e-02
5.914447084069252014e-02
5.935542285442352295e-02
5.956501141190528870e-02
5.977332592010498047e-02
5.998016521334648132e-02
6.018563732504844666e-02
6.038986518979072571e-02
6.059256196022033691e-02
6.079369410872459412e-02
6.099369004368782043e-02
6.119216606020927429e-02
6.138918548822402954e-02
6.158512085676193237e-02
6.177910789847373962e-02
6.197210773825645447e-02
6.216344237327575684e-02
6.235370039939880371e-02
6.254222989082336426e-02
6.272957473993301392e-02
6.291512399911880493e-02
6.309959292411804199e-02
6.328249722719192505e-02
6.346420943737030029e-02
6.364453583955764771e-02
6.382324546575546265e-02
6.400060653686523438e-02
6.417629867792129517e-02
6.435108184814453125e-02
6.452412903308868408e-02
6.469567120075225830e-02
6.486607342958450317e-02
6.503503769636154175e-02
6.520218402147293091e-02
6.536874920129776001e-02
6.553332507610321045e-02
6.569636613130569458e-02
6.585842370986938477e-02
6.601882725954055786e-02
6.617788970470428467e-02
6.633565574884414673e-02
6.649202853441238403e-02
6.664694100618362427e-02
6.680031865835189819e-02
6.695254147052764893e-02
6.710332632064819336e-02
6.725270301103591919e-02
6.740059703588485718e-02
6.754724681377410889e-02
6.769242137670516968e-02
6.783632189035415649e-02
6.797892600297927856e-02
6.812003254890441895e-02
6.826007366180419922e-02
6.839822977781295776e-02
6.853563338518142700e-02
6.867117434740066528e-02
6.880550086498260498e-02
6.893878430128097534e-02
6.907033175230026245e-02
6.920095533132553101e-02
6.933027505874633789e-02
6.945757567882537842e-02
6.958434730768203735e-02
6.970939040184020996e-02
6.983306258916854858e-02
6.995585560798645020e-02
7.007700949907302856e-02
7.019693404436111450e-02
7.031539827585220337e-02
7.043287158012390137e-02
7.054886966943740845e-02
7.066384702920913696e-02
7.077757269144058228e-02
7.088959217071533203e-02
7.100038230419158936e-02
7.111045718193054199e-02
7.121897488832473755e-02
7.132617384195327759e-02
7.143238931894302368e-02
7.153709232807159424e-02
7.164061814546585083e-02
7.174291461706161499e-02
7.184427231550216675e-02
7.194390147924423218e-02
7.204268127679824829e-02
7.214029878377914429e-02
7.223680615425109863e-02
7.233177125453948975e-02
7.242592424154281616e-02
7.251880317926406860e-02
7.261020690202713013e-02
7.270077615976333618e-02
7.279004156589508057e-02
7.287833094596862793e-02
7.296519726514816284e-02
7.305110245943069458e-02
7.313578575849533081e-02
7.321961224079132080e-02
7.330207526683807373e-02
7.338336110115051270e-02
7.346366345882415771e-02
7.354267686605453491e-02
7.362098246812820435e-02
7.369787991046905518e-02
7.377381622791290283e-02
7.384878396987915039e-02
7.392226159572601318e-02
7.399494946002960205e-02
7.406665384769439697e-02
7.413732260465621948e-02
7.420677691698074341e-02
7.427538186311721802e-02
7.434267550706863403e-02
7.440903782844543457e-02
7.447446882724761963e-02
7.453869283199310303e-02
7.460232824087142944e-02
7.466471195220947266e-02
7.472572475671768188e-02
7.478648424148559570e-02
7.484573870897293091e-02
7.490395754575729370e-02
7.496146857738494873e-02
7.501738518476486206e-02
7.507322728633880615e-02
7.512748986482620239e-02
7.518106698989868164e-02
7.523365318775177002e-02
7.528506964445114136e-02
7.533596456050872803e-02
7.538557052612304688e-02
7.543434947729110718e-02
7.548215985298156738e-02
7.552930712699890137e-02
7.557517290115356445e-02
7.562039047479629517e-02
7.566440105438232422e-02
7.570776343345642090e-02
7.575030624866485596e-02
7.579179853200912476e-02
7.583232969045639038e-02
7.587188482284545898e-02
7.591079175472259521e-02
7.594867795705795288e-02
7.598570734262466431e-02
7.602201402187347412e-02
7.605714350938796997e-02
7.609207928180694580e-02
7.612571120262145996e-02
7.615827023983001709e-02
7.619023323059082031e-02
7.622145116329193115e-02
7.625179737806320190e-02
7.628125697374343872e-02
7.630997896194458008e-02
7.633771747350692749e-02
7.636474817991256714e-02
7.639070600271224976e-02
7.641598582267761230e-02
7.644063979387283325e-02
7.646428048610687256e-02
7.648718357086181641e-02
7.650925964117050171e-02
7.653056085109710693e-02
7.655135542154312134e-02
7.657086849212646484e-02
7.658977061510086060e-02
7.660768181085586548e-02
7.662531733512878418e-02
7.664184272289276123e-02
7.665750384330749512e-02
7.667266577482223511e-02
7.668699324131011963e-02
7.670043408870697021e-02
7.671321183443069458e-02
7.672522217035293579e-02
7.673632353544235229e-02
7.674685120582580566e-02
7.675650715827941895e-02
7.676573842763900757e-02
7.677356153726577759e-02
7.678131014108657837e-02
7.678747922182083130e-02
7.679367065429687500e-02
7.679912447929382324e-02
7.680357992649078369e-02
7.680692523717880249e-02
7.681014388799667358e-02
7.681252062320709229e-02
7.681424170732498169e-02
7.681482285261154175e-02
7.681515067815780640e-02
7.681467384099960327e-02
7.681309431791305542e-02
7.681120187044143677e-02
7.680831849575042725e-02
7.680488377809524536e-02
7.680090516805648804e-02
7.679592072963714600e-02
7.679022103548049927e-02
7.678405195474624634e-02
7.677686959505081177e-02
7.676944881677627563e-02
7.676073163747787476e-02
7.675185054540634155e-02
7.674182206392288208e-02
7.673112303018569946e-02
7.672019302845001221e-02
7.670806348323822021e-02
7.669562846422195435e-02
7.668250799179077148e-02
7.666838914155960083e-02
7.665376365184783936e-02
7.663840055465698242e-02
7.662247866392135620e-02
7.660558074712753296e-02
7.658851891756057739e-02
7.657039165496826172e-02
7.655168324708938599e-02
7.653229683637619019e-02
7.651235908269882202e-02
7.649163901805877686e-02
7.647007703781127930e-02
7.644782215356826782e-02
7.642501592636108398e-02
7.640188187360763550e-02
7.637776434421539307e-02
7.635298371315002441e-02
7.632751762866973877e-02
7.630170136690139771e-02
7.627497613430023193e-02
7.624781876802444458e-02
7.621970027685165405e-02
7.619129866361618042e-02
7.616181671619415283e-02
7.613179832696914673e-02
7.610122859477996826e-02
7.606995105743408203e-02
7.603807002305984497e-02
7.600549608469009399e-02
7.597260177135467529e-02
7.593873143196105957e-02
7.590423524379730225e-02
7.586926966905593872e-02
7.583370804786682129e-02
7.579753547906875610e-02
7.576029747724533081e-02
7.572287321090698242e-02
7.568474113941192627e-02
7.564593851566314697e-02
7.560668140649795532e-02
7.556664198637008667e-02
7.552612572908401489e-02
7.548487931489944458e-02
7.544282823801040649e-02
7.540035247802734375e-02
7.535740733146667480e-02
7.531388849020004272e-02
7.526967674493789673e-02
7.522480189800262451e-02
7.517942786216735840e-02
7.513329386711120605e-02
7.508670538663864136e-02
7.503946870565414429e-02
7.499162852764129639e-02
7.494346052408218384e-02
7.489428669214248657e-02
7.484507560729980469e-02
7.479492574930191040e-02
7.474424690008163452e-02
7.469289004802703857e-02
7.464115321636199951e-02
7.458896189928054810e-02
7.453564554452896118e-02
7.448253780603408813e-02
7.442837953567504883e-02
7.437376677989959717e-02
7.431856542825698853e-02
7.426305115222930908e-02
7.420670241117477417e-02
7.414989173412322998e-02
7.409276068210601807e-02
7.403521984815597534e-02
7.397666573524475098e-02
7.391807436943054199e-02
7.385836541652679443e-02
7.379833608865737915e-02
7.373806089162826538e-02
7.367706298828125000e-02
7.361592352390289307e-02
7.355379313230514526e-02
7.349150627851486206e-02
7.342854887247085571e-02
7.336483895778656006e-02
7.330089807510375977e-02
7.323646545410156250e-02
7.317125052213668823e-02
7.310602813959121704e-02
7.304023206233978271e-02
7.297384738922119141e-02
7.290711998939514160e-02
7.283996790647506714e-02
7.277209311723709106e-02
7.270359992980957031e-02
7.263502478599548340e-02
7.256597280502319336e-02
